2 0.96875 0.27109375 0.0625 0.08828125
2 0.96640625 0.31640625 0.06640625 0.084375
2 0.9625 0.36796875 0.075 0.0953125
2 0.96171875 0.4140625 0.07578125 0.090625
2 0.9578125 0.46171875 0.084375 0.0828125
2 0.95859375 0.5125 0.0828125 0.08203125
2 0.95703125 0.55703125 0.08515625 0.08203125
2 0.95625 0.603125 0.0875 0.07734375
2 0.95625 0.653125 0.0875 0.071875
2 0.9515625 0.696875 0.096875 0.071875
2 0.9515625 0.74609375 0.096875 0.07265625
2 0.95234375 0.790625 0.09453125 0.0625
2 0.95078125 0.83359375 0.0984375 0.0609375
2 0.94609375 0.87421875 0.1078125 0.0546875
2 0.9453125 0.91640625 0.109375 0.05625
2 0.94296875 0.95703125 0.11328125 0.0625
2 0.9421875 0.98203125 0.115625 0.0359375
2 0.81875 0.16171875 0.26171875 0.18671875
2 0.821875 0.21484375 0.265625 0.1734375
2 0.81171875 0.26015625 0.26484375 0.1734375
2 0.8109375 0.31171875 0.259375 0.1671875
2 0.81015625 0.36640625 0.26875 0.15703125
2 0.80390625 0.42265625 0.26796875 0.14296875
2 0.796875 0.478125 0.2734375 0.1328125
2 0.79453125 0.53046875 0.26796875 0.128125
2 0.79375 0.58671875 0.275 0.1171875
2 0.79453125 0.6375 0.27109375 0.096875
2 0.7875 0.68203125 0.2609375 0.090625
2 0.7875 0.73515625 0.26875 0.0890625
2 0.7828125 0.78359375 0.2765625 0.0734375
2 0.77734375 0.840625 0.2703125 0.0796875
2 0.76953125 0.89296875 0.26796875 0.06875
2 0.76640625 0.9375 0.26953125 0.07578125
2 0.76484375 0.96953125 0.27265625 0.06015625
2 0.3984375 0.5140625 0.54609375 0.1671875
2 0.3984375 0.584375 0.5484375 0.146875
2 0.39609375 0.65234375 0.55234375 0.13046875
2 0.39453125 0.72109375 0.5484375 0.121875
2 0.384375 0.7890625 0.55390625 0.115625
2 0.3765625 0.85859375 0.559375 0.13125
2 0.36640625 0.92890625 0.5640625 0.1421875
2 0.16796875 0.96171875 0.165625 0.07578125
2 0.4015625 0.4484375 0.5421875 0.171875
2 0.41171875 0.3796875 0.54296875 0.1875
2 0.4140625 0.31640625 0.54375 0.18984375
2 0.42109375 0.24609375 0.54140625 0.2125
2 0.42734375 0.18203125 0.53828125 0.21953125
2 0.4359375 0.12109375 0.534375 0.2421875
2 0.515625 0.08828125 0.37421875 0.1765625
2 0.60390625 0.06171875 0.22109375 0.12265625
2 0.0515625 0.965625 0.08515625 0.06875
2 0.0546875 0.93125 0.09375 0.1375
2 0.0578125 0.87890625 0.090625 0.13046875
2 0.06796875 0.81875 0.09921875 0.11875
2 0.07421875 0.76015625 0.1078125 0.1125
2 0.0796875 0.7078125 0.109375 0.0953125
2 0.08125 0.653125 0.1109375 0.08125
2 0.08515625 0.60078125 0.1078125 0.08359375
2 0.0875 0.5453125 0.10703125 0.07734375
2 0.090625 0.48671875 0.10859375 0.075
2 0.09765625 0.43125 0.11484375 0.08046875
2 0.0984375 0.37734375 0.11015625 0.09140625
2 0.10390625 0.3203125 0.11484375 0.0984375
2 0.11171875 0.265625 0.1125 0.10234375
2 0.1203125 0.21171875 0.12109375 0.115625
2 0.1234375 0.15625 0.11484375 0.12578125
2 0.13046875 0.10625 0.125 0.13203125