2 0.78984375 0.18671875 0.14609375 0.103125
2 0.80078125 0.22890625 0.134375 0.10234375
2 0.80859375 0.2734375 0.1296875 0.0953125
2 0.821875 0.315625 0.12578125 0.0890625
2 0.8296875 0.35703125 0.12265625 0.0765625
2 0.8375 0.3984375 0.12421875 0.08203125
2 0.8421875 0.4453125 0.12578125 0.07578125
2 0.8578125 0.49296875 0.1109375 0.06953125
2 0.86171875 0.53828125 0.11015625 0.08359375
2 0.87109375 0.58515625 0.11875 0.09140625
2 0.878125 0.62734375 0.1140625 0.08828125
2 0.88203125 0.66953125 0.11015625 0.09140625
2 0.89375 0.709375 0.11015625 0.09453125
2 0.9046875 0.7625 0.10390625 0.096875
2 0.9203125 0.8109375 0.09609375 0.0984375
2 0.9265625 0.8578125 0.08828125 0.1140625
2 0.61796875 0.91328125 0.58046875 0.1515625
2 0.6140625 0.86484375 0.5734375 0.15390625
2 0.60234375 0.80859375 0.57265625 0.16875
2 0.5875 0.76484375 0.5671875 0.15859375
2 0.57734375 0.7140625 0.55390625 0.15703125
2 0.565625 0.66484375 0.559375 0.15
2 0.546875 0.55546875 0.55 0.1875
2 0.54375 0.50390625 0.56171875 0.20859375
2 0.53203125 0.45078125 0.5640625 0.2015625
2 0.5109375 0.34140625 0.55625 0.23515625
2 0.50234375 0.28984375 0.55703125 0.22890625
2 0.484375 0.2390625 0.53984375 0.26484375
2 0.48046875 0.19453125 0.55078125 0.265625
2 0.38671875 0.13984375 0.37421875 0.2515625
2 0.221875 0.98203125 0.2875 0.0359375
2 0.225 0.9546875 0.2703125 0.075
2 0.215625 0.92109375 0.2796875 0.08125
2 0.2078125 0.8875 0.28203125 0.08203125
2 0.19375 0.84453125 0.27578125 0.09921875
2 0.18828125 0.80625 0.2859375 0.10078125
2 0.17734375 0.76171875 0.278125 0.125
2 0.1734375 0.721875 0.2703125 0.1140625
2 0.1671875 0.68828125 0.28046875 0.12109375
2 0.16015625 0.64453125 0.2765625 0.13515625
2 0.15390625 0.60390625 0.28125 0.14296875
2 0.15 0.5640625 0.27890625 0.15234375
2 0.1390625 0.51484375 0.27734375 0.165625
2 0.134375 0.46796875 0.26875 0.159375
2 0.12734375 0.428125 0.2546875 0.1734375
2 0.12578125 0.38671875 0.2515625 0.17265625
2 0.1171875 0.3375 0.234375 0.171875
2 0.115625 0.30859375 0.23125 0.17265625