2 0.65546875 0.940625 0.49453125 0.11875
2 0.6453125 0.88515625 0.4875 0.1375
2 0.634375 0.8203125 0.48046875 0.1359375
2 0.6234375 0.75625 0.475 0.1359375
2 0.61875 0.684375 0.47734375 0.1484375
2 0.615625 0.6125 0.478125 0.16953125
2 0.6109375 0.54375 0.471875 0.178125
2 0.60390625 0.4765625 0.46640625 0.18125
2 0.59140625 0.403125 0.46640625 0.2
2 0.5890625 0.3375 0.46953125 0.20859375
2 0.58203125 0.265625 0.46640625 0.2296875
2 0.57421875 0.20078125 0.46015625 0.23671875
2 0.5640625 0.13359375 0.45859375 0.25625
2 0.48984375 0.1 0.31875 0.2
2 0.48359375 0.07578125 0.33046875 0.1515625
2 0.94296875 0.9828125 0.040625 0.03359375
2 0.92109375 0.95 0.0796875 0.1
2 0.91953125 0.9 0.078125 0.128125
2 0.90703125 0.8390625 0.08828125 0.1171875
2 0.9 0.7796875 0.090625 0.1046875
2 0.89140625 0.72265625 0.0984375 0.09921875
2 0.88671875 0.67265625 0.09296875 0.08515625
2 0.88203125 0.61796875 0.096875 0.084375
2 0.87734375 0.56015625 0.09375 0.078125
2 0.8734375 0.5015625 0.09921875 0.07578125
2 0.86328125 0.44375 0.10390625 0.08203125
2 0.8609375 0.38671875 0.1015625 0.0953125
2 0.85234375 0.3328125 0.10625 0.096875
2 0.84375 0.275 0.10234375 0.10390625
2 0.83515625 0.22109375 0.10859375 0.1171875
2 0.8296875 0.1640625 0.10625 0.128125
2 0.8203125 0.1109375 0.115625 0.13828125
2 0.23203125 0.18984375 0.215625 0.19296875
2 0.23515625 0.24140625 0.22265625 0.184375
2 0.24296875 0.2875 0.21796875 0.18359375
2 0.24765625 0.34375 0.22421875 0.1640625
2 0.26171875 0.4484375 0.23203125 0.16328125
2 0.253125 0.396875 0.2265625 0.1640625
2 0.26875 0.50859375 0.23203125 0.14609375
2 0.2734375 0.5640625 0.23046875 0.1390625
2 0.27578125 0.6234375 0.23671875 0.12734375
2 0.27890625 0.675 0.23359375 0.1078125
2 0.28359375 0.72265625 0.22734375 0.09921875
2 0.28828125 0.771875 0.234375 0.1015625
2 0.29453125 0.8234375 0.234375 0.0828125
2 0.29921875 0.878125 0.2359375 0.08203125
2 0.309375 0.9328125 0.22890625 0.06875
2 0.31171875 0.97109375 0.2359375 0.0578125
2 0.06796875 0.32890625 0.1359375 0.1484375
2 0.07109375 0.37578125 0.1421875 0.1421875
2 0.07421875 0.42109375 0.14765625 0.1375
2 0.08203125 0.46875 0.15 0.12734375
2 0.084375 0.5140625 0.1484375 0.11796875
2 0.09140625 0.56171875 0.14765625 0.1078125
2 0.0921875 0.6078125 0.1578125 0.1078125
2 0.09296875 0.65703125 0.1625 0.10703125
2 0.09921875 0.70234375 0.1671875 0.10546875
2 0.10390625 0.75 0.17421875 0.09375
2 0.10546875 0.79609375 0.17109375 0.09453125
2 0.11328125 0.840625 0.17109375 0.07890625
2 0.115625 0.8796875 0.16484375 0.07109375
2 0.12265625 0.92109375 0.16640625 0.059375
2 0.125 0.96484375 0.16875 0.0640625
2 0.1296875 0.9828125 0.1671875 0.034375