0 0.11328125 0.28125 0.06640625 0.05390625
0 0.11796875 0.3171875 0.06953125 0.03515625
0 0.11953125 0.3484375 0.06953125 0.0359375
0 0.12109375 0.3828125 0.07265625 0.03671875
0 0.1265625 0.41484375 0.07265625 0.03125
0 0.1296875 0.446875 0.07578125 0.034375
0 0.13125 0.47734375 0.078125 0.03359375
0 0.1375 0.51171875 0.0765625 0.03203125
0 0.14140625 0.54609375 0.08046875 0.034375
0 0.14375 0.57578125 0.084375 0.03359375
0 0.15390625 0.60859375 0.0734375 0.03046875
0 0.15625 0.63984375 0.06875 0.0328125
0 0.16015625 0.67421875 0.075 0.03359375
0 0.16640625 0.7078125 0.07265625 0.0328125
0 0.171875 0.740625 0.07421875 0.03359375
0 0.175 0.7734375 0.071875 0.03515625
0 0.18359375 0.809375 0.0796875 0.03671875
0 0.18828125 0.84375 0.0796875 0.04296875
0 0.178125 0.26484375 0.06953125 0.05234375
0 0.18671875 0.30703125 0.07265625 0.0375
0 0.1875 0.33671875 0.06953125 0.03828125
0 0.18671875 0.37109375 0.0671875 0.03671875
0 0.19765625 0.4046875 0.07421875 0.03671875
0 0.2 0.4375 0.06953125 0.034375
0 0.20390625 0.47421875 0.07421875 0.03125
0 0.20859375 0.50390625 0.07265625 0.03671875
0 0.21328125 0.53984375 0.078125 0.03359375
0 0.2171875 0.57109375 0.075 0.03203125
0 0.22421875 0.6078125 0.071875 0.03984375
0 0.2265625 0.6421875 0.07734375 0.03359375
0 0.2296875 0.67265625 0.07578125 0.03671875
0 0.23828125 0.709375 0.078125 0.03515625
0 0.24296875 0.74375 0.07734375 0.034375
0 0.24375 0.7765625 0.0734375 0.0375
0 0.25625 0.8125 0.07265625 0.0390625
0 0.26171875 0.853125 0.0796875 0.04140625
0 0.25 0.2484375 0.078125 0.05859375
0 0.25546875 0.290625 0.0734375 0.03671875
0 0.2578125 0.32421875 0.0734375 0.03984375
0 0.2578125 0.3578125 0.0765625 0.03828125
0 0.2625 0.39140625 0.07109375 0.0375
0 0.271875 0.4265625 0.07890625 0.0375
0 0.27578125 0.4625 0.0765625 0.0359375
0 0.28125 0.49453125 0.07890625 0.03984375
0 0.2859375 0.53203125 0.078125 0.03828125
0 0.29375 0.56796875 0.08046875 0.0390625
0 0.2984375 0.60234375 0.0796875 0.0390625
0 0.303125 0.63984375 0.0828125 0.03671875
0 0.30625 0.6734375 0.08515625 0.0359375
0 0.31484375 0.7109375 0.0765625 0.03671875
0 0.3171875 0.7484375 0.0765625 0.034375
0 0.32109375 0.78359375 0.09140625 0.040625
0 0.33125 0.82265625 0.08359375 0.0375
0 0.340625 0.85859375 0.0859375 0.046875
0 0.3265625 0.22890625 0.0828125 0.06015625
0 0.33125 0.2703125 0.08125 0.04921875
0 0.33359375 0.309375 0.0859375 0.040625
0 0.3390625 0.3421875 0.08984375 0.0453125
0 0.34375 0.37890625 0.09140625 0.0421875
0 0.34921875 0.41484375 0.08046875 0.03984375
0 0.35625 0.45078125 0.0875 0.04140625
0 0.36171875 0.48984375 0.0859375 0.03984375
0 0.365625 0.52421875 0.0890625 0.0390625
0 0.37421875 0.56171875 0.0859375 0.0390625
0 0.3796875 0.59921875 0.084375 0.0375
0 0.3828125 0.6375 0.08359375 0.0359375
0 0.390625 0.6734375 0.08828125 0.0375
0 0.39765625 0.71328125 0.0921875 0.03515625
0 0.40078125 0.74921875 0.09609375 0.0359375
0 0.4078125 0.78671875 0.096875 0.03828125
0 0.41640625 0.82578125 0.09921875 0.04375
0 0.42578125 0.86953125 0.10234375 0.04765625
0 0.409375 0.20859375 0.0875 0.06015625
0 0.41171875 0.253125 0.0953125 0.04765625
0 0.41875 0.290625 0.09375 0.04453125
0 0.42421875 0.3265625 0.090625 0.04375
0 0.43046875 0.36328125 0.09296875 0.04609375
0 0.434375 0.40390625 0.09453125 0.04375
0 0.44296875 0.4390625 0.096875 0.040625
0 0.44921875 0.4796875 0.09765625 0.04140625
0 0.4578125 0.51796875 0.09609375 0.0375
0 0.4609375 0.55546875 0.090625 0.0390625
0 0.4671875 0.59453125 0.09765625 0.0390625
0 0.47109375 0.63515625 0.1015625 0.040625
0 0.47890625 0.67578125 0.09453125 0.0359375
0 0.48828125 0.7125 0.10078125 0.0375
0 0.49296875 0.753125 0.096875 0.0359375
0 0.50078125 0.7953125 0.0921875 0.04296875
0 0.509375 0.83125 0.09765625 0.04375
0 0.5140625 0.87265625 0.09921875 0.05703125
0 0.5015625 0.1859375 0.1015625 0.065625
0 0.50546875 0.23203125 0.09609375 0.05546875
0 0.5109375 0.271875 0.09296875 0.05078125
0 0.51953125 0.3109375 0.09609375 0.04921875
0 0.528125 0.3484375 0.1046875 0.04609375
0 0.52734375 0.3890625 0.0984375 0.04375
0 0.5375 0.428125 0.1 0.04765625
0 0.54375 0.46953125 0.10078125 0.04375
0 0.55234375 0.51015625 0.0953125 0.04453125
0 0.55703125 0.55078125 0.10546875 0.04453125
0 0.56796875 0.59296875 0.10390625 0.0421875
0 0.57421875 0.6296875 0.10859375 0.0421875
0 0.578125 0.67109375 0.11171875 0.0375
0 0.590625 0.71171875 0.10546875 0.04453125
0 0.5953125 0.7546875 0.1125 0.04296875
0 0.60078125 0.79921875 0.11328125 0.04296875
0 0.61171875 0.840625 0.11484375 0.046875
0 0.6171875 0.8875 0.12109375 0.05390625
0 0.60703125 0.1609375 0.1109375 0.071875
0 0.609375 0.20703125 0.11640625 0.05703125
0 0.6125 0.25 0.11328125 0.05546875
0 0.6234375 0.29375 0.1140625 0.053125
0 0.625 0.33515625 0.1125 0.04609375
0 0.63359375 0.37890625 0.11796875 0.03984375
0 0.640625 0.41953125 0.11640625 0.0421875
0 0.65234375 0.46015625 0.11640625 0.04296875
0 0.65703125 0.50234375 0.11953125 0.0453125
0 0.66640625 0.54609375 0.12265625 0.0390625
0 0.6765625 0.5875 0.1171875 0.04375
0 0.68125 0.63203125 0.11640625 0.0453125
0 0.690625 0.6734375 0.11640625 0.04140625
0 0.69921875 0.71328125 0.1265625 0.04453125
0 0.70703125 0.759375 0.115625 0.04609375
0 0.71796875 0.80703125 0.12421875 0.05078125
0 0.7265625 0.8515625 0.11640625 0.04140625
0 0.740625 0.89453125 0.12578125 0.06328125
0 0.72265625 0.13359375 0.1171875 0.07890625
0 0.728125 0.1859375 0.1234375 0.0640625
0 0.7296875 0.225 0.12265625 0.05546875
0 0.73984375 0.2703125 0.12421875 0.05390625
0 0.74140625 0.31328125 0.12734375 0.05546875
0 0.75546875 0.3578125 0.1296875 0.05
0 0.7609375 0.4 0.1296875 0.05234375
0 0.76953125 0.44921875 0.12421875 0.046875
0 0.77890625 0.49140625 0.1265625 0.04296875
0 0.7859375 0.5375 0.125 0.04375
0 0.79609375 0.58203125 0.128125 0.04296875
0 0.80078125 0.62890625 0.1265625 0.04296875
0 0.815625 0.6765625 0.13359375 0.040625
0 0.82578125 0.7171875 0.13046875 0.04609375
0 0.83203125 0.7640625 0.14453125 0.04609375
0 0.8421875 0.8078125 0.1328125 0.04921875
0 0.85234375 0.85625 0.1390625 0.05625
0 0.8640625 0.9109375 0.13671875 0.0609375
0 0.82421875 0.11640625 0.09609375 0.08046875
0 0.83125 0.16796875 0.09296875 0.06484375
0 0.83671875 0.21015625 0.0921875 0.053125
0 0.8484375 0.25390625 0.1 0.04609375
0 0.8546875 0.2984375 0.109375 0.04921875
0 0.86640625 0.34609375 0.09609375 0.04375
0 0.87109375 0.38828125 0.09609375 0.0453125
0 0.88125 0.4390625 0.1015625 0.0453125
0 0.88984375 0.48203125 0.1 0.05
0 0.89453125 0.53046875 0.09453125 0.05078125
0 0.90859375 0.578125 0.10234375 0.04453125
0 0.91015625 0.621875 0.09921875 0.0484375
0 0.92578125 0.67265625 0.09140625 0.05
0 0.93359375 0.71953125 0.090625 0.04453125
0 0.93984375 0.76796875 0.07890625 0.0546875
0 0.95078125 0.81484375 0.08671875 0.053125
0 0.959375 0.865625 0.08125 0.05625
0 0.9609375 0.91796875 0.078125 0.0578125