0 0.025 0.0984375 0.05 0.0734375
0 0.04140625 0.1671875 0.08203125 0.06875
0 0.03515625 0.2328125 0.0703125 0.059375
0 0.0484375 0.296875 0.096875 0.06875
0 0.0640625 0.3578125 0.128125 0.071875
0 0.065625 0.42421875 0.1203125 0.0640625
0 0.0859375 0.48515625 0.12890625 0.0625
0 0.08515625 0.54609375 0.128125 0.05703125
0 0.10078125 0.60625 0.1203125 0.06015625
0 0.0921875 0.6640625 0.1390625 0.06953125
0 0.10546875 0.7296875 0.12890625 0.075
0 0.11171875 0.7890625 0.12734375 0.08359375
0 0.1125 0.84765625 0.14296875 0.08203125
0 0.13203125 0.89375 0.1265625 0.08046875
0 0.14140625 0.95078125 0.12265625 0.07890625
0 0.1546875 0.97265625 0.103125 0.0546875
0 0.14140625 0.10390625 0.19453125 0.0828125
0 0.1546875 0.17578125 0.1671875 0.08125
0 0.1640625 0.2328125 0.19375 0.0640625
0 0.17421875 0.2953125 0.16171875 0.0515625
0 0.18984375 0.353125 0.17890625 0.0609375
0 0.2 0.41484375 0.1796875 0.05703125
0 0.21328125 0.475 0.16953125 0.0578125
0 0.215625 0.5328125 0.17265625 0.0671875
0 0.22421875 0.59296875 0.1703125 0.05703125
0 0.2296875 0.6453125 0.17109375 0.075
0 0.240625 0.69921875 0.16484375 0.075
0 0.246875 0.75390625 0.165625 0.07578125
0 0.253125 0.80703125 0.16953125 0.08046875
0 0.26640625 0.86171875 0.16484375 0.08828125
0 0.2640625 0.915625 0.171875 0.08828125
0 0.278125 0.95859375 0.16953125 0.0828125
0 0.28203125 0.97578125 0.1703125 0.0484375
0 0.31171875 0.115625 0.15546875 0.06796875
0 0.3140625 0.1765625 0.165625 0.06171875
0 0.328125 0.23515625 0.15859375 0.059375
0 0.3375 0.29375 0.1546875 0.0640625
0 0.34453125 0.3484375 0.15703125 0.05625
0 0.35390625 0.40625 0.153125 0.05859375
0 0.35859375 0.4609375 0.14921875 0.0578125
0 0.36328125 0.51484375 0.1484375 0.06328125
0 0.36875 0.5671875 0.15234375 0.0671875
0 0.38203125 0.6171875 0.14765625 0.0765625
0 0.38671875 0.671875 0.14375 0.07109375
0 0.39296875 0.725 0.1453125 0.078125
0 0.39765625 0.77265625 0.1484375 0.075
0 0.3984375 0.82421875 0.13125 0.0796875
0 0.409375 0.87265625 0.13828125 0.08359375
0 0.41640625 0.91796875 0.14453125 0.0796875
0 0.41953125 0.96171875 0.14140625 0.07578125
0 0.42734375 0.9765625 0.1328125 0.046875
0 0.45625 0.1265625 0.1421875 0.071875
0 0.46171875 0.18203125 0.140625 0.05703125
0 0.46796875 0.2359375 0.1421875 0.0578125
0 0.47734375 0.2953125 0.14453125 0.05625
0 0.4796875 0.34765625 0.134375 0.0546875
0 0.484375 0.3984375 0.1296875 0.04921875
0 0.49375 0.44765625 0.1296875 0.05703125
0 0.4984375 0.4984375 0.1296875 0.0609375
0 0.50703125 0.54609375 0.13046875 0.06171875
0 0.50546875 0.5984375 0.12265625 0.06953125
0 0.51328125 0.646875 0.12578125 0.0703125
0 0.5171875 0.69453125 0.1265625 0.0671875
0 0.525 0.7421875 0.12578125 0.0734375
0 0.52734375 0.78984375 0.12109375 0.06875
0 0.528125 0.83984375 0.1203125 0.06953125
0 0.53359375 0.8859375 0.1171875 0.0734375
0 0.53828125 0.93203125 0.11953125 0.07890625
0 0.54140625 0.96796875 0.1234375 0.06328125
0 0.5765625 0.1328125 0.1234375 0.06328125
0 0.584375 0.18828125 0.12734375 0.05
0 0.59140625 0.2375 0.1203125 0.05625
0 0.5953125 0.290625 0.12265625 0.04765625
0 0.596875 0.34296875 0.12421875 0.05078125
0 0.6046875 0.3890625 0.12421875 0.0515625
0 0.61171875 0.4375 0.1265625 0.05078125
0 0.61328125 0.4828125 0.11953125 0.05078125
0 0.61875 0.52890625 0.11875 0.04765625
0 0.6203125 0.57578125 0.115625 0.046875
0 0.62578125 0.62578125 0.11328125 0.06015625
0 0.62890625 0.67265625 0.1140625 0.06484375
0 0.63671875 0.7171875 0.11640625 0.071875
0 0.63515625 0.76171875 0.1171875 0.071875
0 0.6421875 0.80390625 0.121875 0.06875
0 0.6421875 0.85 0.1171875 0.071875
0 0.646875 0.8953125 0.11015625 0.07265625
0 0.6484375 0.94375 0.10625 0.08828125
0 0.68515625 0.1359375 0.109375 0.0578125
0 0.6921875 0.18828125 0.1109375 0.0484375
0 0.696875 0.23828125 0.11484375 0.05234375
0 0.703125 0.2875 0.1140625 0.04609375
0 0.7046875 0.3359375 0.11171875 0.04921875
0 0.70859375 0.38125 0.10703125 0.04609375
0 0.71171875 0.42734375 0.10390625 0.05234375
0 0.71484375 0.471875 0.1078125 0.05234375
0 0.71484375 0.5140625 0.1078125 0.0578125
0 0.725 0.55859375 0.10234375 0.05390625
0 0.725 0.60546875 0.1078125 0.0578125
0 0.728125 0.64765625 0.10625 0.06171875
0 0.7328125 0.69140625 0.1 0.0640625
0 0.73515625 0.73515625 0.1125 0.0625
0 0.73984375 0.77734375 0.10625 0.0640625
0 0.7421875 0.81953125 0.10234375 0.06796875
0 0.73984375 0.8625 0.103125 0.06484375
0 0.74296875 0.9078125 0.10546875 0.08046875
0 0.78203125 0.14375 0.115625 0.05859375
0 0.78828125 0.1921875 0.096875 0.05546875
0 0.79375 0.2375 0.096875 0.0484375
0 0.7984375 0.32890625 0.0953125 0.0484375
0 0.80078125 0.3734375 0.09375 0.05234375
0 0.8046875 0.41640625 0.0953125 0.053125
0 0.80546875 0.459375 0.09765625 0.05078125
0 0.8078125 0.503125 0.09609375 0.0515625
0 0.81171875 0.546875 0.08828125 0.0515625
0 0.815625 0.5890625 0.09609375 0.053125
0 0.8171875 0.6296875 0.09375 0.05390625
0 0.81875 0.67265625 0.09453125 0.06015625
0 0.82265625 0.7140625 0.08671875 0.06640625
0 0.828125 0.74921875 0.0921875 0.06796875
0 0.82734375 0.7953125 0.08671875 0.0765625
0 0.82734375 0.8375 0.0921875 0.0703125
0 0.82890625 0.878125 0.09375 0.071875
0 0.86875 0.146875 0.09140625 0.05703125
0 0.871875 0.19375 0.0875 0.0453125
0 0.87890625 0.23828125 0.0921875 0.04453125
0 0.87890625 0.28046875 0.090625 0.040625
0 0.87890625 0.3234375 0.08671875 0.0453125
0 0.8828125 0.36640625 0.08984375 0.046875
0 0.88828125 0.4078125 0.090625 0.0453125
0 0.8890625 0.45 0.0875 0.0421875
0 0.88984375 0.49140625 0.09375 0.0484375
0 0.8953125 0.53046875 0.0890625 0.0484375
0 0.89765625 0.57109375 0.08828125 0.04921875
0 0.896875 0.6125 0.0890625 0.05390625
0 0.90078125 0.6515625 0.08359375 0.05078125
0 0.90078125 0.69140625 0.08828125 0.05546875
0 0.90625 0.72890625 0.08046875 0.05390625
0 0.9046875 0.76640625 0.084375 0.05390625
0 0.90390625 0.80703125 0.08125 0.0578125
0 0.909375 0.8484375 0.084375 0.0671875
0 0.9515625 0.153125 0.08828125 0.05234375
0 0.9546875 0.19765625 0.08828125 0.040625
0 0.95546875 0.2390625 0.0828125 0.04296875
0 0.9578125 0.28203125 0.08359375 0.04296875
0 0.959375 0.32265625 0.08046875 0.0375
0 0.96015625 0.36171875 0.0796875 0.0390625
0 0.9625 0.4015625 0.075 0.040625
0 0.9609375 0.44296875 0.07734375 0.03828125
0 0.96171875 0.4796875 0.0765625 0.040625
0 0.9640625 0.51953125 0.071875 0.0375
0 0.965625 0.55859375 0.06875 0.046875
0 0.96640625 0.59609375 0.0671875 0.0421875
0 0.96640625 0.634375 0.0671875 0.046875
0 0.9671875 0.671875 0.065625 0.046875
0 0.96875 0.70859375 0.0625 0.0515625
0 0.96953125 0.7453125 0.0609375 0.05078125
0 0.96796875 0.7828125 0.06328125 0.0515625
0 0.97109375 0.82421875 0.0578125 0.0640625