0 0.0296875 0.19609375 0.05625 0.0984375
0 0.07421875 0.1890625 0.05 0.10390625
0 0.12265625 0.1796875 0.0453125 0.09140625
0 0.1640625 0.17265625 0.04296875 0.09296875
0 0.20703125 0.16640625 0.04453125 0.0875
0 0.2484375 0.1609375 0.03828125 0.090625
0 0.29140625 0.153125 0.040625 0.08203125
0 0.33203125 0.153125 0.04296875 0.08515625
0 0.37421875 0.1453125 0.04140625 0.08515625
0 0.42109375 0.13828125 0.03828125 0.08515625
0 0.46015625 0.1265625 0.03671875 0.096875
0 0.4984375 0.1203125 0.0421875 0.09296875
0 0.5421875 0.1109375 0.0453125 0.10390625
0 0.59296875 0.10859375 0.0453125 0.09765625
0 0.63203125 0.1046875 0.046875 0.08828125
0 0.6765625 0.1 0.04140625 0.08828125
0 0.71953125 0.09765625 0.0421875 0.0875
0 0.77265625 0.09296875 0.07421875 0.08828125
0 0.03046875 0.975 0.0609375 0.05
0 0.0921875 0.9703125 0.0625 0.05859375
0 0.15546875 0.96484375 0.0609375 0.0703125
0 0.215625 0.95859375 0.06015625 0.08203125
0 0.275 0.9546875 0.0546875 0.08984375
0 0.3359375 0.93046875 0.0640625 0.10390625
0 0.39765625 0.9265625 0.05625 0.0875
0 0.459375 0.91171875 0.05625 0.084375
0 0.52109375 0.903125 0.06015625 0.08203125
0 0.58046875 0.89296875 0.0625 0.09140625
0 0.63984375 0.8859375 0.06171875 0.08984375
0 0.69921875 0.87421875 0.06484375 0.0921875
0 0.76015625 0.8578125 0.065625 0.096875
0 0.81328125 0.85546875 0.0578125 0.096875
0 0.87265625 0.84140625 0.0703125 0.096875
0 0.93046875 0.83125 0.06328125 0.1
0 0.03203125 0.91015625 0.06328125 0.15
0 0.08984375 0.89609375 0.06015625 0.14140625
0 0.15234375 0.88515625 0.059375 0.14921875
0 0.21015625 0.87421875 0.05546875 0.140625
0 0.33125 0.8421875 0.065625 0.134375
0 0.27421875 0.86328125 0.0578125 0.1421875
0 0.38984375 0.8390625 0.053125 0.13671875
0 0.44921875 0.82578125 0.059375 0.13203125
0 0.51015625 0.81796875 0.06328125 0.1359375
0 0.56796875 0.80625 0.06171875 0.1328125
0 0.63359375 0.7953125 0.0703125 0.13359375
0 0.68984375 0.78671875 0.07734375 0.13046875
0 0.7421875 0.7703125 0.08125 0.13359375
0 0.79921875 0.76796875 0.07265625 0.13828125
0 0.85625 0.75234375 0.084375 0.1328125
0 0.915625 0.7484375 0.09140625 0.13203125
0 0.95703125 0.74140625 0.07109375 0.12265625
0 0.03515625 0.7703125 0.0703125 0.128125
0 0.09921875 0.7640625 0.05078125 0.12421875
0 0.15859375 0.75 0.05390625 0.12890625
0 0.2140625 0.746875 0.05390625 0.13515625
0 0.265625 0.73203125 0.0609375 0.1265625
0 0.325 0.7203125 0.05078125 0.11953125
0 0.38203125 0.7125 0.05703125 0.125
0 0.4421875 0.70078125 0.0640625 0.1265625
0 0.4921875 0.68984375 0.06171875 0.1265625
0 0.54921875 0.68203125 0.0609375 0.12734375
0 0.60390625 0.67265625 0.06171875 0.1265625
0 0.65859375 0.6609375 0.0640625 0.12734375
0 0.71484375 0.646875 0.07421875 0.1234375
0 0.76484375 0.64609375 0.06953125 0.11875
0 0.8171875 0.6296875 0.08203125 0.1203125
0 0.87265625 0.62578125 0.07734375 0.12265625
0 0.93359375 0.621875 0.103125 0.1203125
0 0.0125 0.65390625 0.025 0.10546875
0 0.04140625 0.65390625 0.04453125 0.1171875
0 0.1 0.64375 0.05625 0.12109375
0 0.15703125 0.6328125 0.04765625 0.11875
0 0.209375 0.62421875 0.04921875 0.11171875
0 0.26328125 0.61328125 0.05859375 0.11328125
0 0.31796875 0.60390625 0.05234375 0.1125
0 0.3734375 0.5953125 0.06015625 0.1109375
0 0.42265625 0.58359375 0.05234375 0.11640625
0 0.48125 0.57578125 0.0578125 0.10703125
0 0.53125 0.565625 0.04765625 0.1078125
0 0.5828125 0.55546875 0.059375 0.1109375
0 0.6375 0.54375 0.0578125 0.10546875
0 0.68515625 0.540625 0.059375 0.09921875
0 0.7375 0.53359375 0.053125 0.10078125
0 0.7921875 0.5234375 0.05625 0.096875
0 0.83984375 0.515625 0.0640625 0.09765625
0 0.9171875 0.509375 0.1125 0.10703125
0 0.01328125 0.55078125 0.0265625 0.0984375
0 0.0515625 0.54296875 0.046875 0.1078125
0 0.103125 0.5328125 0.05703125 0.09921875
0 0.159375 0.52421875 0.04609375 0.10390625
0 0.2109375 0.51328125 0.053125 0.109375
0 0.26328125 0.5078125 0.05234375 0.10546875
0 0.3109375 0.496875 0.04140625 0.1078125
0 0.3609375 0.490625 0.05546875 0.10234375
0 0.41484375 0.48359375 0.0515625 0.09921875
0 0.46796875 0.47578125 0.04765625 0.10078125
0 0.51484375 0.465625 0.053125 0.09765625
0 0.565625 0.4578125 0.0546875 0.096875
0 0.6140625 0.44765625 0.05390625 0.1015625
0 0.6640625 0.4421875 0.059375 0.0953125
0 0.7125 0.43515625 0.06328125 0.1015625
0 0.76484375 0.428125 0.05 0.09921875
0 0.81328125 0.4203125 0.05703125 0.096875
0 0.878125 0.41484375 0.11953125 0.0953125
0 0.015625 0.45546875 0.03125 0.09296875
0 0.05703125 0.4453125 0.04609375 0.10234375
0 0.10625 0.43671875 0.0484375 0.10234375
0 0.15703125 0.42578125 0.04765625 0.1
0 0.209375 0.4203125 0.05 0.1
0 0.2578125 0.41015625 0.04765625 0.09609375
0 0.30859375 0.40234375 0.04921875 0.0890625
0 0.35390625 0.3953125 0.0484375 0.0921875
0 0.403125 0.38984375 0.04921875 0.09375
0 0.453125 0.37890625 0.0484375 0.09921875
0 0.49921875 0.3734375 0.05 0.0890625
0 0.5453125 0.36875 0.05859375 0.0953125
0 0.5953125 0.35546875 0.04609375 0.08828125
0 0.63984375 0.35234375 0.05625 0.0921875
0 0.6875 0.33671875 0.05390625 0.0859375
0 0.7359375 0.3328125 0.06328125 0.090625
0 0.78046875 0.33125 0.059375 0.08984375
0 0.85 0.32890625 0.12109375 0.08984375
0 0.01875 0.36328125 0.03671875 0.0953125
0 0.06015625 0.35546875 0.04765625 0.08828125
0 0.11015625 0.34296875 0.05 0.09453125
0 0.16015625 0.3375 0.0453125 0.084375
0 0.20625 0.33203125 0.046875 0.08046875
0 0.2546875 0.325 0.04921875 0.08125
0 0.29765625 0.31796875 0.0515625 0.084375
0 0.34609375 0.3109375 0.05078125 0.084375
0 0.3953125 0.30546875 0.05 0.084375
0 0.44140625 0.29609375 0.0484375 0.078125
0 0.48515625 0.28828125 0.04921875 0.08515625
0 0.53359375 0.2828125 0.04921875 0.08046875
0 0.57734375 0.27578125 0.05078125 0.08515625
0 0.62265625 0.26875 0.05078125 0.07734375
0 0.67109375 0.25703125 0.053125 0.08671875
0 0.71328125 0.25390625 0.0515625 0.0765625
0 0.753125 0.24453125 0.046875 0.06640625
0 0.8125 0.23515625 0.09921875 0.0640625
0 0.0203125 0.28046875 0.040625 0.084375
0 0.0671875 0.27734375 0.05 0.07734375
0 0.115625 0.2609375 0.0484375 0.078125
0 0.1609375 0.2578125 0.04375 0.08515625
0 0.20390625 0.253125 0.04296875 0.08515625
0 0.2484375 0.24765625 0.046875 0.084375
0 0.2953125 0.2375 0.04609375 0.08203125
0 0.3390625 0.23203125 0.03984375 0.08046875
0 0.38359375 0.2265625 0.0515625 0.08203125
0 0.43046875 0.22109375 0.046875 0.078125
0 0.471875 0.2125 0.046875 0.078125
0 0.51953125 0.20625 0.04765625 0.08046875
0 0.56328125 0.2 0.04375 0.07421875
0 0.60703125 0.1953125 0.0484375 0.078125
0 0.6484375 0.18359375 0.04609375 0.07109375
0 0.69140625 0.18203125 0.046875 0.0765625
0 0.73046875 0.178125 0.0546875 0.07734375
0 0.79765625 0.16796875 0.10390625 0.07578125