0 0.96328125 0.0828125 0.0734375 0.05390625
0 0.9578125 0.134375 0.08046875 0.0453125
0 0.94765625 0.18359375 0.0859375 0.0453125
0 0.9390625 0.2328125 0.08125 0.04921875
0 0.9328125 0.2859375 0.0890625 0.04921875
0 0.92421875 0.3328125 0.0953125 0.0484375
0 0.90859375 0.375 0.09765625 0.046875
0 0.9046875 0.425 0.096875 0.046875
0 0.8921875 0.471875 0.08984375 0.04921875
0 0.88515625 0.51953125 0.09140625 0.053125
0 0.88125 0.565625 0.1 0.0546875
0 0.87421875 0.61328125 0.103125 0.05859375
0 0.86796875 0.6578125 0.10390625 0.05234375
0 0.85546875 0.70234375 0.1015625 0.05390625
0 0.84921875 0.74765625 0.10390625 0.0546875
0 0.83828125 0.79453125 0.103125 0.05625
0 0.83203125 0.83984375 0.09375 0.065625
0 0.821875 0.88828125 0.09296875 0.05859375
0 0.86015625 0.08984375 0.14140625 0.0609375
0 0.8515625 0.1421875 0.14140625 0.0453125
0 0.8421875 0.1875 0.13515625 0.04609375
0 0.82734375 0.2375 0.15078125 0.046875
0 0.82265625 0.28671875 0.13203125 0.0421875
0 0.8125 0.32578125 0.13359375 0.04765625
0 0.79765625 0.3734375 0.125 0.0515625
0 0.79453125 0.4203125 0.13203125 0.053125
0 0.78515625 0.465625 0.1265625 0.04609375
0 0.778125 0.5109375 0.12890625 0.04765625
0 0.76953125 0.55390625 0.125 0.0546875
0 0.7609375 0.6 0.125 0.0578125
0 0.75390625 0.64453125 0.13203125 0.05234375
0 0.74140625 0.6875 0.128125 0.05703125
0 0.73828125 0.73046875 0.1234375 0.05703125
0 0.728125 0.7703125 0.125 0.06328125
0 0.72578125 0.81328125 0.1234375 0.06953125
0 0.72109375 0.86640625 0.11875 0.08046875
0 0.7375 0.1015625 0.1265625 0.05390625
0 0.725 0.14921875 0.11796875 0.04375
0 0.71640625 0.19609375 0.11953125 0.03984375
0 0.7078125 0.24375 0.11484375 0.03828125
0 0.70078125 0.2859375 0.11875 0.0359375
0 0.690625 0.32734375 0.1171875 0.040625
0 0.68203125 0.3734375 0.1125 0.0359375
0 0.67578125 0.41484375 0.11484375 0.0421875
0 0.6671875 0.4578125 0.115625 0.04453125
0 0.65546875 0.5 0.11875 0.05
0 0.65078125 0.54140625 0.11171875 0.05234375
0 0.64140625 0.58671875 0.1125 0.0421875
0 0.63359375 0.628125 0.11796875 0.0515625
0 0.625 0.66953125 0.1125 0.05390625
0 0.621875 0.71015625 0.11328125 0.0484375
0 0.61171875 0.746875 0.11171875 0.05546875
0 0.609375 0.790625 0.1140625 0.0640625
0 0.60703125 0.8375 0.1125 0.07421875
0 0.6171875 0.1140625 0.115625 0.05390625
0 0.6125 0.16015625 0.1109375 0.04453125
0 0.60078125 0.2046875 0.11640625 0.03828125
0 0.59296875 0.24453125 0.11328125 0.0390625
0 0.5890625 0.28671875 0.1078125 0.04140625
0 0.57734375 0.3265625 0.1125 0.0453125
0 0.571875 0.36953125 0.10625 0.04453125
0 0.5671875 0.41015625 0.10625 0.03671875
0 0.55625 0.453125 0.1078125 0.04296875
0 0.55078125 0.48984375 0.09921875 0.04140625
0 0.54453125 0.53359375 0.1046875 0.04375
0 0.5375 0.57421875 0.1 0.0453125
0 0.525 0.61015625 0.10234375 0.05078125
0 0.5265625 0.6515625 0.10234375 0.04609375
0 0.5203125 0.69140625 0.09609375 0.0484375
0 0.51171875 0.73125 0.0921875 0.0515625
0 0.50625 0.76875 0.0953125 0.0546875
0 0.503125 0.8140625 0.1015625 0.06953125
0 0.5125 0.125 0.1 0.046875
0 0.50703125 0.1671875 0.09765625 0.03515625
0 0.5 0.20703125 0.09296875 0.03984375
0 0.4921875 0.246875 0.096875 0.04296875
0 0.48828125 0.28828125 0.1 0.040625
0 0.48125 0.328125 0.096875 0.04140625
0 0.4703125 0.36796875 0.1015625 0.04140625
0 0.46875 0.40625 0.09609375 0.040625
0 0.46015625 0.4453125 0.09140625 0.04140625
0 0.4578125 0.48125 0.0953125 0.0421875
0 0.44921875 0.521875 0.09140625 0.04140625
0 0.44296875 0.559375 0.09296875 0.04296875
0 0.4359375 0.5953125 0.1 0.046875
0 0.43046875 0.6359375 0.09453125 0.0421875
0 0.425 0.67109375 0.0921875 0.04296875
0 0.41953125 0.7078125 0.09453125 0.0484375
0 0.415625 0.74609375 0.08828125 0.04921875
0 0.4109375 0.790625 0.08515625 0.06328125
0 0.42109375 0.13359375 0.096875 0.04921875
0 0.4171875 0.17265625 0.09765625 0.03984375
0 0.4078125 0.2109375 0.09375 0.03828125
0 0.39765625 0.25 0.09609375 0.03515625
0 0.3953125 0.28984375 0.09453125 0.03515625
0 0.38984375 0.325 0.08984375 0.040625
0 0.38203125 0.365625 0.0828125 0.04140625
0 0.37890625 0.4015625 0.0859375 0.04296875
0 0.375 0.4390625 0.08671875 0.04140625
0 0.36640625 0.475 0.08984375 0.0453125
0 0.36171875 0.509375 0.0859375 0.040625
0 0.3546875 0.54765625 0.0859375 0.0453125
0 0.34765625 0.58359375 0.0796875 0.04296875
0 0.3421875 0.62265625 0.090625 0.04296875
0 0.33671875 0.65859375 0.08828125 0.04296875
0 0.33125 0.69296875 0.084375 0.04921875
0 0.3296875 0.73046875 0.0828125 0.04765625
0 0.32734375 0.76953125 0.0828125 0.0640625
0 0.33984375 0.13984375 0.0859375 0.04609375
0 0.32890625 0.17890625 0.08203125 0.0421875
0 0.3265625 0.21796875 0.0765625 0.0390625
0 0.31796875 0.2546875 0.078125 0.03515625
0 0.31328125 0.290625 0.07890625 0.03203125
0 0.31015625 0.3265625 0.07734375 0.0328125
0 0.3046875 0.3625 0.078125 0.03984375
0 0.296875 0.39609375 0.08046875 0.0390625
0 0.29375 0.4328125 0.08046875 0.03515625
0 0.2859375 0.46875 0.0765625 0.040625
0 0.28203125 0.50546875 0.0796875 0.0390625
0 0.27734375 0.540625 0.07734375 0.040625
0 0.271875 0.57421875 0.0796875 0.04140625
0 0.26640625 0.61015625 0.0703125 0.03984375
0 0.2578125 0.64296875 0.07734375 0.04375
0 0.25625 0.678125 0.071875 0.040625
0 0.25546875 0.7109375 0.0796875 0.04765625
0 0.2484375 0.7515625 0.0796875 0.05703125
0 0.259375 0.1484375 0.08359375 0.0453125
0 0.25390625 0.184375 0.08046875 0.0359375
0 0.25 0.22265625 0.08671875 0.0328125
0 0.24296875 0.25625 0.078125 0.0328125
0 0.23984375 0.290625 0.0765625 0.0359375
0 0.2296875 0.32734375 0.0734375 0.0296875
0 0.22734375 0.36015625 0.0765625 0.03046875
0 0.22421875 0.39375 0.071875 0.0296875
0 0.21875 0.42890625 0.075 0.03515625
0 0.2140625 0.46171875 0.0765625 0.034375
0 0.209375 0.49609375 0.07265625 0.0328125
0 0.203125 0.53046875 0.07421875 0.03671875
0 0.2 0.56484375 0.06875 0.0375
0 0.19765625 0.59921875 0.075 0.03515625
0 0.1875 0.628125 0.06796875 0.03359375
0 0.18671875 0.66328125 0.06953125 0.03828125
0 0.1859375 0.7 0.0703125 0.0375
0 0.1765625 0.734375 0.0703125 0.053125
0 0.18828125 0.15625 0.08046875 0.040625
0 0.18203125 0.19453125 0.07890625 0.03125
0 0.17421875 0.22578125 0.0703125 0.034375
0 0.171875 0.26171875 0.07421875 0.03203125
0 0.16640625 0.296875 0.07265625 0.03046875
0 0.16171875 0.328125 0.07421875 0.034375
0 0.15703125 0.36171875 0.06796875 0.03125
0 0.1515625 0.3921875 0.075 0.03046875
0 0.14765625 0.42578125 0.0734375 0.0359375
0 0.14453125 0.45859375 0.07265625 0.0359375
0 0.13671875 0.4921875 0.075 0.03359375
0 0.128125 0.5265625 0.08359375 0.03046875
0 0.1265625 0.55625 0.08046875 0.03828125
0 0.1234375 0.58984375 0.0765625 0.03515625
0 0.12109375 0.61953125 0.0703125 0.03984375
0 0.11796875 0.64921875 0.0734375 0.04453125
0 0.115625 0.68359375 0.071875 0.0421875
0 0.1125 0.71875 0.06640625 0.0546875