0 0.87734375 0.240625 0.2453125 0.22109375
0 0.88359375 0.32421875 0.2328125 0.171875
0 0.8875 0.4109375 0.225 0.16171875
0 0.89140625 0.490625 0.21640625 0.1734375
0 0.89765625 0.57578125 0.2046875 0.1640625
0 0.90390625 0.6640625 0.1921875 0.15
0 0.90859375 0.74296875 0.1828125 0.1578125
0 0.9125 0.82421875 0.175 0.1546875
0 0.64609375 0.3375 0.234375 0.1875
0 0.65703125 0.4265625 0.234375 0.1828125
0 0.6640625 0.51015625 0.23046875 0.1734375
0 0.66953125 0.60078125 0.2515625 0.16484375
0 0.6875 0.6875 0.2390625 0.1703125
0 0.6921875 0.77265625 0.23671875 0.16484375
0 0.703125 0.840625 0.2546875 0.16328125
0 0.71328125 0.92265625 0.23828125 0.1546875
0 0.41953125 0.44765625 0.24765625 0.20390625
0 0.43515625 0.53125 0.24140625 0.19609375
0 0.44609375 0.62265625 0.2515625 0.16875
0 0.4546875 0.70390625 0.26328125 0.17421875
0 0.46640625 0.784375 0.265625 0.184375
0 0.4796875 0.8671875 0.2515625 0.178125
0 0.4875 0.92890625 0.246875 0.1421875
0 0.178125 0.56328125 0.27265625 0.19296875
0 0.190625 0.6484375 0.2796875 0.18359375
0 0.20390625 0.73203125 0.27734375 0.1765625
0 0.21171875 0.81953125 0.271875 0.1953125
0 0.22421875 0.9015625 0.271875 0.196875
0 0.23125 0.94375 0.2625 0.1125