0 0.33203125 0.86875 0.125 0.26171875
0 0.425 0.865625 0.1 0.26875
0 0.49921875 0.86796875 0.08359375 0.26328125
0 0.584375 0.8640625 0.08359375 0.26171875
0 0.65625 0.86015625 0.09375 0.26171875
0 0.740625 0.853125 0.08359375 0.2640625
0 0.81796875 0.85390625 0.0796875 0.25859375
0 0.9 0.85234375 0.08515625 0.2546875
0 0.96484375 0.84765625 0.06015625 0.24609375
0 0.353125 0.62265625 0.11171875 0.24296875
0 0.446875 0.61796875 0.10078125 0.2421875
0 0.52265625 0.61328125 0.0859375 0.24140625
0 0.60546875 0.6125 0.09375 0.24140625
0 0.68359375 0.61328125 0.0953125 0.23828125
0 0.7625 0.6078125 0.0859375 0.2375
0 0.84296875 0.60390625 0.0921875 0.23359375
0 0.9203125 0.60546875 0.0890625 0.2375
0 0.97734375 0.6015625 0.0453125 0.234375
0 0.375 0.38125 0.1046875 0.2359375
0 0.46484375 0.38125 0.0953125 0.234375
0 0.54375 0.37734375 0.09140625 0.2359375
0 0.62578125 0.375 0.09375 0.23125
0 0.703125 0.37578125 0.08203125 0.23203125
0 0.78203125 0.375 0.0890625 0.23125
0 0.8609375 0.37421875 0.09140625 0.23046875
0 0.93671875 0.37421875 0.08515625 0.2296875
0 0.40703125 0.140625 0.10859375 0.246875
0 0.49609375 0.1390625 0.08671875 0.24609375
0 0.57421875 0.13671875 0.0921875 0.246875
0 0.6546875 0.13671875 0.0734375 0.24765625
0 0.73203125 0.1359375 0.08046875 0.24375
0 0.81171875 0.13515625 0.0796875 0.24140625
0 0.9609375 0.13515625 0.078125 0.2421875
0 0.88359375 0.134375 0.08203125 0.24296875