0 0.79296875 0.4953125 0.4140625 0.190625
0 0.7734375 0.57265625 0.453125 0.21171875
0 0.75859375 0.65234375 0.4828125 0.21796875
0 0.74296875 0.74609375 0.5140625 0.21484375
0 0.71796875 0.83671875 0.5640625 0.2484375
0 0.690625 0.90546875 0.61875 0.1890625
0 0.5171875 0.9625 0.309375 0.075
0 0.3328125 0.35859375 0.61328125 0.25078125
0 0.303125 0.4296875 0.60546875 0.23984375
0 0.284375 0.521875 0.56875 0.23203125
0 0.26640625 0.6171875 0.5328125 0.2046875
0 0.24765625 0.72421875 0.4953125 0.21328125
0 0.23046875 0.8234375 0.4609375 0.2
0 0.21015625 0.91796875 0.4203125 0.1640625