0 0.75078125 0.35625 0.4984375 0.13203125
0 0.74375 0.4515625 0.5125 0.08203125
0 0.73984375 0.5265625 0.5203125 0.0875
0 0.73671875 0.60703125 0.5265625 0.0796875
0 0.73515625 0.6859375 0.5296875 0.08203125
0 0.73359375 0.76640625 0.53203125 0.0828125
0 0.73125 0.8484375 0.5375 0.071875
0 0.73046875 0.91875 0.5390625 0.0796875
0 0.73046875 0.97421875 0.5390625 0.0515625
0 0.253125 0.38359375 0.50625 0.1078125
0 0.24921875 0.46796875 0.4984375 0.0921875
0 0.24296875 0.55 0.4859375 0.0828125
0 0.240625 0.625 0.48125 0.0875
0 0.2390625 0.709375 0.478125 0.08515625
0 0.2390625 0.78671875 0.478125 0.0796875
0 0.23828125 0.8640625 0.4765625 0.084375
0 0.2359375 0.94140625 0.471875 0.0796875
0 0.23359375 0.98828125 0.4671875 0.0234375