0 0.13046875 0.32890625 0.2609375 0.1171875
0 0.13046875 0.42578125 0.2609375 0.0984375
0 0.13125 0.50234375 0.26171875 0.1109375
0 0.13046875 0.58125 0.2515625 0.0921875
0 0.1328125 0.66171875 0.24921875 0.10859375
0 0.13359375 0.7375 0.23984375 0.11015625
0 0.13515625 0.825 0.23984375 0.08046875
0 0.13828125 0.89375 0.23828125 0.1078125
0 0.1484375 0.9640625 0.24765625 0.071875
0 0.378125 0.359375 0.24375 0.11875
0 0.378125 0.44609375 0.2515625 0.08671875
0 0.384375 0.52890625 0.24765625 0.10234375
0 0.384375 0.60859375 0.246875 0.0828125
0 0.37734375 0.68046875 0.26796875 0.09765625
0 0.37734375 0.7671875 0.2734375 0.1015625
0 0.38671875 0.840625 0.2578125 0.0953125
0 0.38671875 0.91640625 0.26015625 0.090625
0 0.40625 0.97578125 0.271875 0.0484375
0 0.61796875 0.3828125 0.23984375 0.10078125
0 0.62109375 0.46875 0.23984375 0.09375
0 0.625 0.54921875 0.23984375 0.09375
0 0.62578125 0.6375 0.2359375 0.09375
0 0.62734375 0.7109375 0.23671875 0.09140625
0 0.62890625 0.7890625 0.2359375 0.084375
0 0.6296875 0.865625 0.23515625 0.08046875
0 0.63046875 0.9390625 0.23359375 0.0765625
0 0.56640625 0.98671875 0.0984375 0.0265625
0 0.85859375 0.4046875 0.246875 0.11484375
0 0.86171875 0.49765625 0.24453125 0.09921875
0 0.8625 0.56953125 0.2421875 0.09140625
0 0.8625 0.64921875 0.24296875 0.10703125
0 0.8640625 0.7296875 0.2421875 0.09609375
0 0.865625 0.8140625 0.240625 0.10234375
0 0.86484375 0.88515625 0.24140625 0.0890625
0 0.8671875 0.95859375 0.23984375 0.08203125