0 0.28046875 0.05390625 0.5609375 0.09375
0 0.37265625 0.10625 0.584375 0.0859375
0 0.409375 0.15625 0.5296875 0.0796875
0 0.43046875 0.203125 0.5328125 0.07109375
0 0.46171875 0.2484375 0.52890625 0.0609375
0 0.4875 0.2953125 0.5171875 0.05078125
0 0.525 0.3421875 0.50625 0.05
0 0.5390625 0.3859375 0.4984375 0.04609375
0 0.56640625 0.4296875 0.4734375 0.053125
0 0.6078125 0.475 0.45859375 0.0625
0 0.6359375 0.51484375 0.48203125 0.06484375
0 0.6640625 0.559375 0.4796875 0.07734375
0 0.6890625 0.60234375 0.4828125 0.084375
0 0.71953125 0.63828125 0.46484375 0.09140625
0 0.74140625 0.678125 0.45859375 0.0953125
0 0.75234375 0.7203125 0.44140625 0.0984375
0 0.77265625 0.75859375 0.43828125 0.10859375
0 0.77890625 0.7984375 0.4421875 0.1125
0 0.0796875 0.14140625 0.159375 0.06640625
0 0.09375 0.19375 0.1875 0.059375
0 0.10546875 0.24296875 0.2109375 0.0578125
0 0.12109375 0.29609375 0.24140625 0.05234375
0 0.14609375 0.3484375 0.2921875 0.05625
0 0.16796875 0.40078125 0.33515625 0.059375
0 0.17578125 0.44921875 0.35078125 0.071875
0 0.30234375 0.875 0.6046875 0.13125
0 0.20546875 0.49765625 0.4109375 0.07734375
0 0.21484375 0.54765625 0.4296875 0.0875
0 0.23203125 0.59453125 0.4640625 0.08984375
0 0.246875 0.64140625 0.49375 0.09453125
0 0.26015625 0.68984375 0.51953125 0.10234375
0 0.26640625 0.73671875 0.5328125 0.11640625
0 0.28125 0.78359375 0.5625 0.121875
0 0.2859375 0.8296875 0.571875 0.1265625
0 0.859375 0.234375 0.18203125 0.02265625
0 0.8765625 0.25234375 0.17734375 0.0203125
0 0.88828125 0.26875 0.1828125 0.02109375
0 0.89921875 0.28671875 0.16953125 0.02265625
0 0.9078125 0.303125 0.16015625 0.01953125
0 0.9171875 0.32109375 0.1609375 0.02265625
0 0.925 0.3375 0.1453125 0.01875
0 0.92890625 0.35390625 0.1421875 0.0203125
0 0.93515625 0.37109375 0.1234375 0.0203125
0 0.94140625 0.38828125 0.1125 0.01796875
0 0.94765625 0.40546875 0.1046875 0.01953125
0 0.95078125 0.42265625 0.0984375 0.01953125
0 0.9546875 0.4375 0.090625 0.01875
0 0.959375 0.45546875 0.0765625 0.02109375
0 0.9671875 0.47265625 0.059375 0.0203125
0 0.97109375 0.4890625 0.05234375 0.01875
0 0.9734375 0.50390625 0.04765625 0.01953125
0 0.975 0.51953125 0.04453125 0.01640625
0 0.72890625 0.22890625 0.11015625 0.02109375
0 0.74453125 0.24921875 0.10546875 0.0203125
0 0.75625 0.2671875 0.09765625 0.02109375
0 0.77265625 0.2859375 0.09921875 0.021875
0 0.78203125 0.30390625 0.0953125 0.0203125
0 0.79375 0.32109375 0.10390625 0.01875
0 0.803125 0.3390625 0.1078125 0.02109375
0 0.8078125 0.35625 0.109375 0.01953125
0 0.82265625 0.37421875 0.12109375 0.0203125
0 0.8296875 0.39140625 0.13203125 0.02421875
0 0.84140625 0.409375 0.121875 0.01875
0 0.84140625 0.425 0.13359375 0.0203125
0 0.865625 0.44375 0.12265625 0.02421875
0 0.88046875 0.46015625 0.12578125 0.02578125
0 0.88515625 0.47421875 0.12109375 0.0234375
0 0.8921875 0.4921875 0.10859375 0.01796875
0 0.89921875 0.51015625 0.1125 0.02734375
0 0.91015625 0.528125 0.1125 0.025