0 0.63359375 0.02421875 0.2703125 0.0484375
0 0.73046875 0.078125 0.44609375 0.09765625
0 0.78828125 0.16796875 0.42265625 0.090625
0 0.80703125 0.253125 0.3859375 0.08671875
0 0.8265625 0.3328125 0.346875 0.0828125
0 0.84296875 0.40859375 0.3140625 0.0828125
0 0.85625 0.47578125 0.2875 0.0828125
0 0.88828125 0.5421875 0.2234375 0.07890625
0 0.91953125 0.6046875 0.1609375 0.071875
0 0.9375 0.6640625 0.12421875 0.06171875
0 0.2484375 0.0328125 0.496875 0.065625
0 0.26484375 0.09765625 0.5296875 0.1234375
0 0.28671875 0.1796875 0.57265625 0.10546875
0 0.315625 0.2578125 0.63046875 0.08828125
0 0.346875 0.33203125 0.69375 0.0828125
0 0.36875 0.4015625 0.69140625 0.0828125
0 0.41953125 0.46640625 0.6390625 0.08515625
0 0.4703125 0.53046875 0.66171875 0.08828125
0 0.5234375 0.58671875 0.66796875 0.09453125
0 0.565625 0.6421875 0.621875 0.09375
0 0.60234375 0.69453125 0.6265625 0.09453125
0 0.64140625 0.74609375 0.628125 0.1
0 0.68125 0.79375 0.6203125 0.1
0 0.70859375 0.8390625 0.5828125 0.096875
0 0.7296875 0.88203125 0.540625 0.0953125
0 0.75078125 0.925 0.4984375 0.096875
0 0.14140625 0.5734375 0.2359375 0.0375
0 0.1734375 0.6015625 0.2296875 0.04375
0 0.12578125 0.5515625 0.2515625 0.03671875
0 0.11171875 0.52734375 0.2234375 0.0328125
0 0.1 0.503125 0.2 0.028125
0 0.09609375 0.47734375 0.1921875 0.0234375
0 0.0859375 0.45546875 0.171875 0.02734375
0 0.05859375 0.43046875 0.1171875 0.0296875
0 0.05078125 0.40390625 0.1015625 0.0296875