0 0.759375 0.7953125 0.475 0.10859375
0 0.76171875 0.7546875 0.47109375 0.1109375
0 0.74765625 0.7171875 0.4984375 0.103125
0 0.734375 0.68125 0.47890625 0.10078125
0 0.71875 0.64140625 0.4765625 0.09375
0 0.68515625 0.6 0.47734375 0.08828125
0 0.659375 0.55859375 0.4890625 0.08359375
0 0.64375 0.515625 0.4921875 0.0765625
0 0.61796875 0.4734375 0.50703125 0.07109375
0 0.60546875 0.43046875 0.49296875 0.07109375
0 0.56796875 0.38515625 0.48671875 0.06484375
0 0.5421875 0.34296875 0.52734375 0.05703125
0 0.5046875 0.29609375 0.5015625 0.05
0 0.29609375 0.05390625 0.5921875 0.0921875
0 0.4765625 0.2484375 0.52265625 0.05546875
0 0.43515625 0.2015625 0.51640625 0.065625
0 0.41015625 0.11328125 0.521875 0.0890625
0 0.41171875 0.15625 0.52890625 0.07421875
0 0.08046875 0.1390625 0.1609375 0.065625
0 0.0921875 0.19140625 0.18359375 0.0625
0 0.10703125 0.24375 0.2140625 0.059375
0 0.12734375 0.29296875 0.2546875 0.0578125
0 0.1546875 0.3453125 0.30859375 0.05625
0 0.17421875 0.3984375 0.3484375 0.05859375
0 0.17421875 0.45078125 0.3484375 0.06015625
0 0.19453125 0.50234375 0.3890625 0.07578125
0 0.21640625 0.55 0.4328125 0.08671875
0 0.2421875 0.59765625 0.48359375 0.0921875
0 0.25390625 0.64453125 0.5078125 0.1078125
0 0.2640625 0.69296875 0.528125 0.11484375
0 0.271875 0.7375 0.54296875 0.11796875
0 0.27578125 0.784375 0.5515625 0.1234375
0 0.2890625 0.83125 0.57734375 0.14296875
0 0.30390625 0.87265625 0.6078125 0.1390625
0 0.846875 0.2328125 0.1984375 0.02421875
0 0.87890625 0.2515625 0.16640625 0.02265625
0 0.8875 0.26953125 0.16953125 0.01953125
0 0.89765625 0.28671875 0.17578125 0.021875
0 0.90625 0.303125 0.1703125 0.02109375
0 0.915625 0.3203125 0.16875 0.01875
0 0.92109375 0.3375 0.1578125 0.02109375
0 0.9265625 0.35390625 0.146875 0.021875
0 0.9359375 0.371875 0.128125 0.0203125
0 0.9359375 0.3890625 0.128125 0.02109375
0 0.9421875 0.4046875 0.115625 0.021875
0 0.94375 0.42265625 0.1125 0.021875
0 0.9484375 0.43828125 0.103125 0.02109375
0 0.95859375 0.45546875 0.0828125 0.0203125
0 0.96171875 0.4734375 0.0765625 0.02265625
0 0.9671875 0.48984375 0.06484375 0.01875
0 0.9703125 0.5046875 0.059375 0.021875
0 0.9703125 0.52421875 0.059375 0.02109375