0 0.778125 0.31015625 0.10859375 0.6203125
0 0.73671875 0.31328125 0.10703125 0.60234375
0 0.69609375 0.29140625 0.10703125 0.5828125
0 0.6515625 0.296875 0.10390625 0.59296875
0 0.609375 0.31171875 0.09921875 0.55078125
0 0.55703125 0.30390625 0.0828125 0.5421875
0 0.51640625 0.30078125 0.0875 0.5015625
0 0.4703125 0.2953125 0.08359375 0.46875
0 0.42421875 0.2984375 0.08125 0.44453125
0 0.3796875 0.29296875 0.07734375 0.41953125
0 0.33203125 0.29375 0.06875 0.40546875
0 0.2828125 0.2859375 0.06328125 0.3671875
0 0.234375 0.27734375 0.06796875 0.31875
0 0.18125 0.27421875 0.07265625 0.2828125
0 0.13515625 0.2609375 0.078125 0.2421875
0 0.08359375 0.2625 0.07578125 0.21484375
0 0.02734375 0.4734375 0.0546875 0.578125
0 0.05703125 0.52265625 0.1015625 0.64140625
0 0.1078125 0.58046875 0.08203125 0.534375
0 0.1546875 0.61640625 0.07890625 0.5171875
0 0.1984375 0.63125 0.06640625 0.525
0 0.240625 0.63828125 0.05859375 0.52578125
0 0.2859375 0.6609375 0.05234375 0.52265625
0 0.328125 0.66796875 0.05390625 0.47421875
0 0.3703125 0.68046875 0.0546875 0.5140625
0 0.41171875 0.6984375 0.0609375 0.47421875
0 0.45 0.71015625 0.06796875 0.496875
0 0.4890625 0.72578125 0.07734375 0.4890625
0 0.52734375 0.7453125 0.08359375 0.46484375
0 0.5671875 0.76328125 0.0875 0.453125
0 0.60546875 0.7703125 0.0875 0.459375
0 0.6390625 0.77890625 0.08984375 0.4421875
0 0.67890625 0.77890625 0.09296875 0.4421875
0 0.71875 0.77421875 0.0984375 0.4515625
0 0.178125 0.91015625 0.02578125 0.1796875
0 0.196875 0.90859375 0.01875 0.18203125
0 0.21484375 0.91640625 0.0171875 0.1671875
0 0.23125 0.91796875 0.01953125 0.16328125
0 0.24765625 0.91640625 0.0234375 0.1671875
0 0.265625 0.934375 0.01875 0.13125
0 0.2828125 0.93359375 0.01875 0.1328125
0 0.29765625 0.934375 0.0203125 0.13125
0 0.315625 0.94296875 0.01875 0.1140625
0 0.33203125 0.946875 0.021875 0.10625
0 0.34921875 0.9421875 0.021875 0.11484375
0 0.36484375 0.9421875 0.02109375 0.11015625
0 0.38203125 0.9546875 0.0234375 0.090625
0 0.3984375 0.9578125 0.02265625 0.084375