0 0.80546875 0.23828125 0.36875 0.05234375
0 0.8078125 0.28359375 0.36015625 0.0484375
0 0.80859375 0.33046875 0.3640625 0.0546875
0 0.815625 0.37734375 0.36875 0.0578125
0 0.80703125 0.421875 0.371875 0.059375
0 0.81640625 0.47421875 0.3671875 0.06328125
0 0.81953125 0.52578125 0.3609375 0.06875
0 0.83046875 0.5796875 0.3390625 0.0734375
0 0.81953125 0.634375 0.3609375 0.08125
0 0.82265625 0.6859375 0.3546875 0.078125
0 0.8203125 0.74375 0.321875 0.08125
0 0.815625 0.803125 0.2984375 0.0859375
0 0.81015625 0.86328125 0.259375 0.08515625
0 0.8046875 0.925 0.2328125 0.08515625
0 0.79375 0.971875 0.20859375 0.05625
0 0.43828125 0.2421875 0.421875 0.04765625
0 0.43515625 0.28359375 0.46953125 0.046875
0 0.4296875 0.328125 0.4375 0.05078125
0 0.4265625 0.3703125 0.45234375 0.0609375
0 0.41640625 0.415625 0.4546875 0.06015625
0 0.41640625 0.46171875 0.4546875 0.07421875
0 0.425 0.51015625 0.45 0.07421875
0 0.41015625 0.5609375 0.471875 0.08359375
0 0.40625 0.60703125 0.45703125 0.08828125
0 0.40703125 0.6578125 0.46875 0.0890625
0 0.41640625 0.7140625 0.48671875 0.09140625
0 0.43046875 0.76640625 0.4953125 0.096875
0 0.4234375 0.8203125 0.48515625 0.109375
0 0.42890625 0.878125 0.5171875 0.115625
0 0.440625 0.9375 0.5328125 0.125
0 0.38046875 0.9703125 0.3765625 0.059375
0 0.1078125 0.88046875 0.203125 0.04765625
0 0.10625 0.85703125 0.20078125 0.0484375
0 0.109375 0.8328125 0.19453125 0.04609375
0 0.10625 0.8078125 0.19765625 0.0453125
0 0.1015625 0.78515625 0.203125 0.04140625
0 0.0984375 0.76015625 0.196875 0.0453125
0 0.09765625 0.73828125 0.19453125 0.0453125
0 0.09921875 0.715625 0.1859375 0.04453125
0 0.1 0.6921875 0.1828125 0.040625
0 0.096875 0.64921875 0.18203125 0.03984375
0 0.09921875 0.628125 0.1765625 0.03828125
0 0.1015625 0.60546875 0.184375 0.03515625
0 0.1046875 0.5875 0.16953125 0.0359375
0 0.11640625 0.56796875 0.2 0.03671875
0 0.11328125 0.55 0.1671875 0.03671875
0 0.1171875 0.53046875 0.15390625 0.0328125
0 0.13203125 0.509375 0.1625 0.0296875