0 0.41171875 0.075 0.4390625 0.1484375
0 0.40703125 0.2203125 0.44921875 0.175
0 0.4109375 0.3984375 0.44921875 0.16484375
0 0.4203125 0.54453125 0.4546875 0.16953125
0 0.4296875 0.709375 0.475 0.18515625
0 0.43515625 0.853125 0.4703125 0.209375
0 0.4203125 0.94375 0.42421875 0.11171875
0 0.8125 0.065625 0.375 0.13046875
0 0.81015625 0.2171875 0.3796875 0.1875
0 0.8171875 0.4 0.36484375 0.1921875
0 0.8203125 0.57890625 0.359375 0.196875
0 0.82265625 0.74765625 0.3546875 0.2046875
0 0.05390625 0.0640625 0.1078125 0.0625
0 0.05546875 0.1265625 0.1109375 0.07265625
0 0.0546875 0.1859375 0.109375 0.0625
0 0.0578125 0.2515625 0.10390625 0.06875
0 0.0734375 0.3109375 0.08515625 0.0640625
0 0.07734375 0.3765625 0.06484375 0.0640625
0 0.0796875 0.43515625 0.06875 0.06796875
0 0.0890625 0.49375 0.0515625 0.0640625
0 0.096875 0.553125 0.05703125 0.06484375
0 0.10703125 0.6125 0.053125 0.06328125
0 0.15625 0.05390625 0.103125 0.0625
0 0.16015625 0.1171875 0.1 0.065625
0 0.1640625 0.1859375 0.109375 0.0609375
0 0.16640625 0.2453125 0.11171875 0.065625
0 0.16875 0.31328125 0.1125 0.0671875
0 0.16484375 0.3734375 0.11015625 0.06328125
0 0.1671875 0.4359375 0.1078125 0.06875
0 0.17109375 0.4984375 0.10859375 0.06328125
0 0.17578125 0.559375 0.103125 0.0671875
0 0.17578125 0.61484375 0.103125 0.065625