0 0.52421875 0.83828125 0.42109375 0.084375
0 0.5328125 0.803125 0.45546875 0.08125
0 0.55625 0.7640625 0.39296875 0.075
0 0.5703125 0.72578125 0.38046875 0.0671875
0 0.5828125 0.6890625 0.3953125 0.0671875
0 0.58984375 0.65234375 0.396875 0.0625
0 0.590625 0.61640625 0.3921875 0.06640625
0 0.590625 0.146875 0.48984375 0.1125
0 0.60859375 0.58125 0.43359375 0.05625
0 0.61484375 0.5390625 0.4125 0.04765625
0 0.6171875 0.4984375 0.39296875 0.0484375
0 0.62578125 0.45703125 0.4140625 0.0484375
0 0.628125 0.415625 0.4125 0.05703125
0 0.634375 0.37421875 0.4125 0.06171875
0 0.6390625 0.33203125 0.415625 0.07109375
0 0.64453125 0.28671875 0.40859375 0.07578125
0 0.65078125 0.19921875 0.44609375 0.0890625
0 0.6484375 0.2453125 0.428125 0.0828125
0 0.16953125 0.88046875 0.33828125 0.0828125
0 0.17734375 0.8390625 0.3546875 0.08125
0 0.18359375 0.7984375 0.36640625 0.0765625
0 0.18984375 0.75703125 0.3796875 0.07578125
0 0.1953125 0.71640625 0.38984375 0.0734375
0 0.19375 0.67578125 0.3875 0.071875
0 0.19609375 0.63046875 0.3921875 0.065625
0 0.20078125 0.5859375 0.40078125 0.06796875
0 0.22265625 0.54296875 0.37734375 0.05859375
0 0.246875 0.496875 0.3515625 0.0578125
0 0.278125 0.45 0.33984375 0.05234375
0 0.27578125 0.4046875 0.28515625 0.05703125
0 0.2953125 0.35703125 0.25703125 0.06171875
0 0.34296875 0.21875 0.17734375 0.0703125
0 0.3046875 0.309375 0.23515625 0.0640625
0 0.3359375 0.2640625 0.18671875 0.06015625
0 0.946875 0.32734375 0.10625 0.0265625
0 0.946875 0.34375 0.10546875 0.0265625
0 0.94453125 0.36171875 0.1109375 0.02421875
0 0.91796875 0.51796875 0.08125 0.01640625
0 0.91171875 0.534375 0.084375 0.01640625
0 0.90234375 0.55 0.071875 0.01796875
0 0.89609375 0.56484375 0.05859375 0.01640625
0 0.88515625 0.5796875 0.059375 0.01796875
0 0.878125 0.5953125 0.05625 0.01875
0 0.94453125 0.37578125 0.11015625 0.0234375
0 0.9453125 0.3921875 0.109375 0.02265625
0 0.94453125 0.409375 0.11015625 0.0234375
0 0.94453125 0.425 0.1109375 0.0203125
0 0.94140625 0.43984375 0.1171875 0.0203125
0 0.940625 0.45703125 0.11875 0.01875
0 0.9390625 0.471875 0.11796875 0.0171875
0 0.93046875 0.48828125 0.10234375 0.01796875
0 0.92265625 0.503125 0.1 0.0171875