0 0.69765625 0.878125 0.60390625 0.128125
0 0.7125 0.8296875 0.575 0.11796875
0 0.71796875 0.7859375 0.56328125 0.1109375
0 0.73046875 0.73828125 0.5390625 0.1046875
0 0.73359375 0.690625 0.5328125 0.096875
0 0.746875 0.64375 0.50625 0.084375
0 0.76328125 0.5953125 0.4734375 0.08125
0 0.78203125 0.54765625 0.43515625 0.07734375
0 0.79296875 0.49921875 0.4140625 0.0703125
0 0.809375 0.45 0.38125 0.065625
0 0.81953125 0.4 0.36015625 0.05859375
0 0.834375 0.3484375 0.33046875 0.05546875
0 0.8546875 0.29765625 0.290625 0.053125
0 0.8765625 0.246875 0.24609375 0.05234375
0 0.89453125 0.1953125 0.2109375 0.053125
0 0.9078125 0.1421875 0.184375 0.053125
0 0.67578125 0.0546875 0.6484375 0.09140625
0 0.66640625 0.10546875 0.6671875 0.090625
0 0.56796875 0.15703125 0.5078125 0.0734375
0 0.5421875 0.203125 0.52578125 0.06484375
0 0.51015625 0.24921875 0.5046875 0.05546875
0 0.47421875 0.30078125 0.48671875 0.0484375
0 0.46015625 0.34609375 0.51328125 0.05078125
0 0.4390625 0.3875 0.484375 0.0515625
0 0.4015625 0.43203125 0.48671875 0.0609375
0 0.3671875 0.4765625 0.45390625 0.06796875
0 0.3515625 0.521875 0.4796875 0.0734375
0 0.33515625 0.559375 0.47421875 0.07109375
0 0.31171875 0.6015625 0.45234375 0.07890625
0 0.29140625 0.640625 0.42265625 0.08203125
0 0.26328125 0.68203125 0.4421875 0.084375
0 0.23984375 0.72109375 0.44140625 0.090625
0 0.23046875 0.759375 0.43203125 0.09453125
0 0.21484375 0.796875 0.42421875 0.09765625
0 0.0234375 0.521875 0.046875 0.021875
0 0.02421875 0.50390625 0.0484375 0.01796875
0 0.02578125 0.4859375 0.0515625 0.01875
0 0.02890625 0.4703125 0.0578125 0.01953125
0 0.0328125 0.45234375 0.065625 0.0203125
0 0.0421875 0.4375 0.084375 0.01953125
0 0.0515625 0.42109375 0.08203125 0.02109375
0 0.0515625 0.4046875 0.10234375 0.01875
0 0.05703125 0.3859375 0.11328125 0.01796875
0 0.06171875 0.36953125 0.1234375 0.0171875
0 0.065625 0.353125 0.13125 0.01875
0 0.06875 0.33671875 0.1375 0.0171875
0 0.08046875 0.3203125 0.1609375 0.01875
0 0.09453125 0.303125 0.15390625 0.01875
0 0.10390625 0.2859375 0.15859375 0.0171875
0 0.11328125 0.26875 0.1625 0.01640625
0 0.12421875 0.25078125 0.15859375 0.01875
0 0.1390625 0.2328125 0.171875 0.021875
0 0.26796875 0.23046875 0.090625 0.01640625
0 0.25078125 0.2484375 0.09375 0.01875
0 0.23828125 0.26796875 0.09375 0.01796875
0 0.23125 0.2859375 0.09609375 0.01796875
0 0.225 0.303125 0.1109375 0.01953125
0 0.2125 0.321875 0.1140625 0.01875
0 0.19921875 0.3375 0.1109375 0.01953125
0 0.1890625 0.35546875 0.115625 0.01875
0 0.1765625 0.37265625 0.10234375 0.021875
0 0.16328125 0.390625 0.1078125 0.021875
0 0.15859375 0.4078125 0.11015625 0.0203125
0 0.1515625 0.42578125 0.11875 0.0203125
0 0.1421875 0.44140625 0.12265625 0.01953125
0 0.12265625 0.459375 0.11328125 0.01953125
0 0.1171875 0.47578125 0.11484375 0.01796875
0 0.10703125 0.4921875 0.11484375 0.01953125
0 0.10078125 0.51015625 0.10859375 0.01875
0 0.08828125 0.53046875 0.08828125 0.028125