0 0.42578125 0.14375 0.78671875 0.11796875
0 0.43984375 0.22265625 0.809375 0.06640625
0 0.4421875 0.29609375 0.7953125 0.07265625
0 0.45078125 0.36484375 0.81328125 0.05625
0 0.459375 0.44140625 0.8125 0.06484375
0 0.4578125 0.51015625 0.8125 0.0765625
0 0.459375 0.58671875 0.81875 0.07109375
0 0.4671875 0.6546875 0.79140625 0.06328125
0 0.484375 0.72421875 0.80234375 0.06953125
0 0.48515625 0.796875 0.81171875 0.0734375
0 0.48515625 0.86953125 0.81875 0.0671875
0 0.4875 0.94375 0.81484375 0.084375