0 0.4734375 0.06484375 0.946875 0.1296875
0 0.48515625 0.09453125 0.9703125 0.1890625
0 0.48515625 0.15625 0.9703125 0.21015625
0 0.4875 0.22734375 0.975 0.19375
0 0.4859375 0.271875 0.971875 0.165625
0 0.4875 0.34765625 0.975 0.15859375
0 0.49921875 0.4046875 0.946875 0.1359375
0 0.490625 0.4890625 0.9640625 0.0828125
0 0.49140625 0.55625 0.97109375 0.0671875
0 0.48828125 0.61796875 0.9765625 0.0890625
0 0.48359375 0.69375 0.9671875 0.06875
0 0.49453125 0.76484375 0.96015625 0.07578125
0 0.48515625 0.82578125 0.9703125 0.05546875
0 0.5015625 0.88359375 0.95625 0.06640625
0 0.49921875 0.95390625 0.9765625 0.0921875