0 0.32734375 0.05234375 0.65390625 0.1046875
0 0.40234375 0.090625 0.8046875 0.18046875
0 0.42109375 0.1453125 0.8421875 0.2140625
0 0.453125 0.2171875 0.90625 0.20859375
0 0.4625 0.28046875 0.925 0.20859375
0 0.4796875 0.34453125 0.95859375 0.21171875
0 0.48125 0.4109375 0.96171875 0.19375
0 0.5 0.47265625 1 0.2109375
0 0.5 0.53125 1 0.21171875
0 0.50078125 0.6015625 0.9984375 0.22421875
0 0.5140625 0.659375 0.971875 0.215625
0 0.53359375 0.73671875 0.9328125 0.22265625
0 0.55859375 0.79453125 0.8828125 0.21171875
0 0.553125 0.875 0.89375 0.184375
0 0.5625 0.921875 0.87421875 0.15546875