0 0.51328125 0.0578125 0.97265625 0.08125
0 0.5140625 0.12421875 0.9328125 0.0703125
0 0.50859375 0.1828125 0.93515625 0.07734375
0 0.5046875 0.2421875 0.93984375 0.06875
0 0.4984375 0.30234375 0.93828125 0.078125
0 0.48984375 0.3640625 0.94296875 0.071875
0 0.49375 0.4203125 0.93046875 0.0671875
0 0.48671875 0.47890625 0.93515625 0.075
0 0.48515625 0.540625 0.92890625 0.0609375
0 0.47890625 0.596875 0.9171875 0.08046875
0 0.47734375 0.6609375 0.92109375 0.06328125
0 0.46796875 0.71796875 0.9296875 0.06953125
0 0.4625 0.771875 0.92421875 0.071875
0 0.4578125 0.834375 0.915625 0.071875
0 0.4625 0.88828125 0.92421875 0.0703125
0 0.4625 0.95390625 0.925 0.0921875