2 0.4484375 0.884375 0.68984375 0.10078125
2 0.4484375 0.82578125 0.69609375 0.1484375
2 0.48828125 0.7953125 0.70625 0.10625
2 0.47578125 0.7484375 0.71171875 0.1328125
2 0.50390625 0.6984375 0.74921875 0.165625
2 0.54296875 0.64375 0.721875 0.165625
2 0.58359375 0.5890625 0.72265625 0.159375
2 0.509375 0.50703125 0.8046875 0.19921875
2 0.5296875 0.465625 0.78125 0.1828125
2 0.540625 0.40625 0.86953125 0.22265625
2 0.578125 0.33828125 0.84375 0.2203125
2 0.5640625 0.26875 0.871875 0.23828125
2 0.60859375 0.20703125 0.78203125 0.23203125
2 0.603125 0.13359375 0.79296875 0.25078125
2 0.5953125 0.09453125 0.809375 0.1890625