2 0.67421875 0.85 0.64921875 0.1265625
2 0.66796875 0.78671875 0.66328125 0.15390625
2 0.63046875 0.75859375 0.68203125 0.121875
2 0.6375 0.70859375 0.690625 0.1515625
2 0.6078125 0.6578125 0.72265625 0.184375
2 0.56484375 0.5859375 0.70625 0.19375
2 0.51484375 0.53515625 0.690625 0.178125
2 0.584375 0.4421875 0.76953125 0.225
2 0.5546875 0.396875 0.734375 0.22421875
2 0.53125 0.33125 0.8359375 0.26328125
2 0.4796875 0.26328125 0.81640625 0.246875
2 0.48671875 0.1828125 0.85078125 0.271875
2 0.4140625 0.08984375 0.828125 0.1796875
2 0.20546875 0.053125 0.41015625 0.10546875