2 0.4984375 0.92109375 0.6515625 0.1578125
2 0.4875 0.88515625 0.65859375 0.196875
2 0.509375 0.79765625 0.68125 0.1609375
2 0.4890625 0.7609375 0.678125 0.17578125
2 0.49765625 0.68984375 0.7046875 0.19609375
2 0.51875 0.60078125 0.6828125 0.17890625
2 0.5421875 0.49609375 0.70625 0.16875
2 0.44921875 0.43515625 0.7765625 0.16328125
2 0.44921875 0.34140625 0.75546875 0.0984375
2 0.44453125 0.26328125 0.8546875 0.128125
2 0.46953125 0.171875 0.8515625 0.12890625
2 0.43515625 0.0671875 0.8703125 0.13359375
2 0.47421875 0.0203125 0.8046875 0.040625