2 0.415625 0.171875 0.7421875 0.165625
2 0.4328125 0.23515625 0.7484375 0.18203125
2 0.43203125 0.3109375 0.78203125 0.18125
2 0.46171875 0.37890625 0.7875 0.2015625
2 0.46484375 0.45078125 0.70234375 0.15234375
2 0.47734375 0.50546875 0.71328125 0.16328125
2 0.3921875 0.5796875 0.64296875 0.11484375
2 0.41953125 0.65859375 0.634375 0.121875
2 0.45234375 0.70078125 0.66015625 0.1578125
2 0.45625 0.78359375 0.64296875 0.08515625
2 0.44453125 0.81953125 0.61953125 0.0921875
2 0.4703125 0.878125 0.6140625 0.125
2 0.46484375 0.93203125 0.60859375 0.12265625