0 0.51171875 0.0640625 0.9359375 0.10703125
0 0.5125 0.15546875 0.9375 0.08359375
0 0.50546875 0.23515625 0.92578125 0.09921875
0 0.50546875 0.31171875 0.9375 0.071875
0 0.49765625 0.39609375 0.9234375 0.09140625
0 0.49140625 0.47421875 0.9328125 0.096875
0 0.48671875 0.54765625 0.928125 0.0828125
0 0.48515625 0.62734375 0.9203125 0.0890625
0 0.48671875 0.7046875 0.91796875 0.1
0 0.48828125 0.78359375 0.91796875 0.08359375
0 0.48359375 0.8578125 0.9171875 0.08125
0 0.49453125 0.93125 0.93203125 0.078125