0 0.51484375 0.065625 0.921875 0.109375
0 0.5125 0.15078125 0.9296875 0.078125
0 0.51015625 0.2328125 0.91796875 0.07578125
0 0.5 0.3078125 0.94375 0.08515625
0 0.49765625 0.39296875 0.93046875 0.0828125
0 0.4953125 0.475 0.93125 0.084375
0 0.49375 0.55078125 0.91953125 0.0796875
0 0.48828125 0.6296875 0.9234375 0.08359375
0 0.490625 0.70703125 0.9328125 0.0828125
0 0.48828125 0.784375 0.9234375 0.08671875
0 0.4890625 0.86171875 0.928125 0.084375
0 0.48984375 0.92890625 0.9203125 0.07890625
0 0.38515625 0.97734375 0.69453125 0.0453125