0 0.5125 0.065625 0.93359375 0.11015625
0 0.5125 0.1546875 0.9390625 0.07734375
0 0.5046875 0.234375 0.9359375 0.08515625
0 0.5046875 0.3109375 0.93203125 0.08671875
0 0.50078125 0.39140625 0.92109375 0.090625
0 0.49765625 0.47109375 0.92734375 0.08515625
0 0.49296875 0.540625 0.9234375 0.096875
0 0.49140625 0.62421875 0.92109375 0.10390625
0 0.4890625 0.7078125 0.92578125 0.0984375
0 0.4875 0.78515625 0.92421875 0.07890625
0 0.48203125 0.85703125 0.91796875 0.08671875
0 0.49296875 0.93203125 0.91796875 0.0734375