0 0.48203125 0.07265625 0.88828125 0.10390625
0 0.4859375 0.15390625 0.8796875 0.084375
0 0.4859375 0.2359375 0.87890625 0.09140625
0 0.49140625 0.31328125 0.88046875 0.090625
0 0.47265625 0.39296875 0.8625 0.07734375
0 0.45859375 0.46640625 0.87578125 0.0828125
0 0.45546875 0.54609375 0.878125 0.08828125
0 0.45703125 0.6265625 0.88359375 0.08671875
0 0.44375 0.7046875 0.87421875 0.08125
0 0.44375 0.77890625 0.86796875 0.08359375
0 0.440625 0.85625 0.8703125 0.07734375
0 0.4421875 0.94375 0.884375 0.1125