0 0.83046875 0.54453125 0.18125 0.803125
0 0.715625 0.58828125 0.1078125 0.76171875
0 0.63046875 0.540625 0.134375 0.7359375
0 0.56328125 0.546875 0.11328125 0.70703125
0 0.5015625 0.5015625 0.09375 0.67421875
0 0.4375 0.484375 0.09921875 0.65859375
0 0.38359375 0.51640625 0.0796875 0.609375
0 0.3375 0.553125 0.06640625 0.5875
0 0.9796875 0.68515625 0.040625 0.2453125
0 0.94453125 0.69140625 0.05 0.2375
0 0.903125 0.69140625 0.0375 0.23203125
0 0.98359375 0.38203125 0.0328125 0.3765625
0 0.94140625 0.38828125 0.05078125 0.37109375
1 0.8046875 0.22421875 0.04921875 0.075
1 0.71484375 0.27890625 0.046875 0.075
1 0.65234375 0.2375 0.03828125 0.06640625
1 0.57890625 0.26015625 0.03671875 0.07109375
1 0.5 0.2375 0.040625 0.09921875
1 0.4453125 0.21640625 0.0328125 0.065625
1 0.353125 0.3015625 0.0265625 0.05546875