0 0.52578125 0.13984375 0.9484375 0.2796875
0 0.54765625 0.2609375 0.9046875 0.3171875
0 0.534375 0.38984375 0.93125 0.22265625
0 0.4765625 0.53359375 0.778125 0.121875
0 0.40625 0.6328125 0.71171875 0.11328125
0 0.38125 0.73515625 0.675 0.121875
0 0.390625 0.8 0.625 0.13828125
0 0.43046875 0.87265625 0.6140625 0.134375
1 0.12109375 0.19921875 0.06328125 0.07890625
1 0.1640625 0.32734375 0.06953125 0.08359375
1 0.12578125 0.428125 0.059375 0.06484375
1 0.1375 0.5296875 0.059375 0.06796875
1 0.1171875 0.64375 0.08671875 0.06015625
1 0.09296875 0.7203125 0.05 0.05390625