0 0.11171875 0.11328125 0.2234375 0.08828125
0 0.103125 0.1734375 0.20546875 0.0890625
0 0.06875 0.24140625 0.1375 0.0953125
0 0.0390625 0.30625 0.078125 0.0796875
0 0.0375 0.36953125 0.075 0.08828125
0 0.05625 0.4328125 0.1125 0.08984375
0 0.08984375 0.50078125 0.1796875 0.12734375
0 0.0890625 0.53515625 0.17734375 0.1375
0 0.93125 0.18828125 0.1375 0.0390625
0 0.93203125 0.209375 0.1359375 0.0375
0 0.87890625 0.24296875 0.24140625 0.0890625
0 0.94375 0.29453125 0.09609375 0.04375
0 0.9375 0.3234375 0.103125 0.040625
0 0.91875 0.35078125 0.1125 0.0453125
0 0.9796875 0.00546875 0.03984375 0.01015625
0 0.97421875 0.015625 0.0515625 0.021875
0 0.97109375 0.0296875 0.0578125 0.021875
0 0.96875 0.046875 0.0625 0.01796875
0 0.96953125 0.06015625 0.0609375 0.0203125
0 0.9671875 0.07421875 0.06484375 0.025
0 0.96328125 0.08828125 0.0734375 0.0234375
0 0.9609375 0.1015625 0.07734375 0.0234375
0 0.95859375 0.115625 0.0828125 0.0234375
0 0.96171875 0.1296875 0.07578125 0.021875
0 0.9546875 0.14140625 0.090625 0.025
0 0.95 0.15546875 0.1 0.025
0 0.94921875 0.16796875 0.1015625 0.02578125
0 0.95078125 0.175 0.0984375 0.0125
0 0.4859375 0.2453125 0.88515625 0.23515625
0 0.46484375 0.40078125 0.8671875 0.128125
0 0.52421875 0.48203125 0.73828125 0.1140625
0 0.51640625 0.54453125 0.73203125 0.12109375
0 0.4953125 0.61015625 0.60703125 0.1078125
0 0.4796875 0.671875 0.59453125 0.10703125
0 0.46328125 0.7359375 0.59375 0.13046875
0 0.09921875 0.04296875 0.1984375 0.0859375
0 0.32265625 0.01484375 0.303125 0.028125
0 0.33046875 0.05234375 0.284375 0.071875
0 0.33515625 0.10703125 0.275 0.0671875
0 0.35859375 0.13203125 0.2359375 0.04140625
0 0.53515625 0.01953125 0.153125 0.0390625
0 0.534375 0.0578125 0.15703125 0.05078125
0 0.53828125 0.09609375 0.14609375 0.05546875
0 0.53671875 0.13046875 0.13203125 0.04765625
0 0.54375 0.14765625 0.10234375 0.02265625
0 0.6328125 0.0078125 0.06796875 0.015625
0 0.6296875 0.03046875 0.06953125 0.0390625
1 0.94453125 0.35625 0.0265625 0.01796875
1 0.97265625 0.26796875 0.02734375 0.0171875
1 0.82109375 0.11875 0.01015625 0.01015625
1 0.8140625 0.134375 0.01484375 0.01015625
1 0.77265625 0.1953125 0.0171875 0.01171875
1 0.740625 0.11015625 0.0140625 0.0125
1 0.840625 0.18671875 0.0125 0.009375
1 0.84453125 0.17421875 0.0109375 0.009375
1 0.8515625 0.13515625 0.0125 0.009375
1 0.84296875 0.16171875 0.01328125 0.009375
0 0.62734375 0.0609375 0.0640625 0.040625
0 0.62734375 0.09296875 0.065625 0.0375
0 0.62109375 0.12421875 0.0578125 0.03515625
0 0.6171875 0.14609375 0.05859375 0.02421875