0 0.56796875 0.16171875 0.7515625 0.32265625
0 0.5734375 0.19140625 0.734375 0.36640625
0 0.5734375 0.25859375 0.759375 0.41015625
0 0.55625 0.3515625 0.8671875 0.49609375
0 0.55625 0.4265625 0.88671875 0.48046875
0 0.5703125 0.509375 0.85859375 0.41484375
0 0.56484375 0.6453125 0.8703125 0.415625
0 0.121875 0.7234375 0.12734375 0.0609375
0 0.11875 0.7671875 0.1234375 0.05078125
0 0.11796875 0.8 0.1234375 0.05546875
0 0.20546875 0.8546875 0.2921875 0.11484375
0 0.15390625 0.88984375 0.1625 0.075
0 0.1609375 0.90390625 0.16953125 0.053125