0 0.2125 0.365625 0.28828125 0.73046875
0 0.3078125 0.3546875 0.25390625 0.70859375
0 0.36328125 0.41484375 0.2671875 0.671875
0 0.43984375 0.425 0.25859375 0.6515625
0 0.4859375 0.4921875 0.23515625 0.6296875
0 0.53828125 0.52109375 0.2203125 0.6046875
0 0.590625 0.521875 0.2265625 0.57109375
0 0.65703125 0.4984375 0.2296875 0.5671875
0 0.034375 0.44609375 0.06796875 0.3
0 0.06953125 0.453125 0.125 0.309375
0 0.03671875 0.74296875 0.07265625 0.26484375
0 0.07265625 0.75625 0.11796875 0.26640625
0 0.1171875 0.80078125 0.121875 0.21640625
0 0.1671875 0.8 0.10859375 0.2546875
0 0.078125 0.19375 0.11015625 0.253125
0 0.1140625 0.19765625 0.09921875 0.2546875
0 0.1515625 0.21015625 0.08515625 0.23828125
0 0.11875 0.03515625 0.0578125 0.06953125
0 0.15234375 0.04296875 0.0703125 0.0859375
0 0.184375 0.05390625 0.06015625 0.1078125
0 0.22109375 0.0546875 0.05859375 0.109375
1 0.46953125 0.7765625 0.0421875 0.05390625
1 0.42421875 0.7421875 0.0453125 0.0765625
1 0.36015625 0.6984375 0.04609375 0.06484375
1 0.2890625 0.69375 0.04921875 0.0625
1 0.240625 0.6390625 0.04921875 0.06015625
1 0.15234375 0.6609375 0.05078125 0.0625