0 0.4015625 0.09453125 0.7609375 0.18828125
0 0.43046875 0.16015625 0.7046875 0.28125
0 0.434375 0.26796875 0.7171875 0.26875
0 0.44765625 0.37421875 0.6859375 0.2390625
0 0.46875 0.48125 0.71328125 0.24453125
0 0.4953125 0.575 0.6890625 0.2265625
0 0.521875 0.678125 0.70625 0.21875
0 0.534375 0.76953125 0.690625 0.215625
0 0.53046875 0.87421875 0.678125 0.20625
0 0.546875 0.9328125 0.6640625 0.134375
1 0.7328125 0.20703125 0.06484375 0.06953125
1 0.765625 0.42421875 0.0609375 0.0609375
1 0.78828125 0.521875 0.05703125 0.0609375
1 0.80625 0.628125 0.05625 0.059375
1 0.8171875 0.72734375 0.0625 0.05625
1 0.81328125 0.83125 0.0609375 0.0578125
1 0.8328125 0.9234375 0.05859375 0.05625