0 0.5 0.26484375 1 0.37578125
0 0.3640625 0.03203125 0.63125 0.0640625
0 0.35390625 0.0796875 0.6109375 0.09921875
0 0.8953125 0.04765625 0.20859375 0.0953125
0 0.85234375 0.071875 0.2625 0.14296875
0 0.8328125 0.0984375 0.23671875 0.18125
0 0.48828125 0.46640625 0.9328125 0.065625
1 0.10859375 0.46171875 0.07890625 0.0390625
1 0.1328125 0.1546875 0.04375 0.02890625
1 0.1140625 0.0984375 0.05234375 0.03203125
1 0.11796875 0.0375 0.05703125 0.0375
1 0.94296875 0.10078125 0.053125 0.034375
1 0.91875 0.1578125 0.0453125 0.03046875
1 0.97734375 0.0375 0.04453125 0.03828125