0 0.55390625 0.396875 0.52890625 0.0703125
0 0.51484375 0.4421875 0.52265625 0.0625
0 0.50078125 0.49453125 0.559375 0.06953125
0 0.51484375 0.54921875 0.56953125 0.0703125
0 0.56953125 0.59921875 0.61796875 0.078125
0 0.5515625 0.6703125 0.6203125 0.078125
0 0.59296875 0.75234375 0.65546875 0.09140625
0 0.56640625 0.846875 0.6671875 0.15546875
0 0.45 0.9375 0.28046875 0.07578125
0 0.6859375 0.953125 0.2078125 0.05078125
0 0.6828125 0.92734375 0.21484375 0.05
0 0.68046875 0.9859375 0.22890625 0.028125
0 0.8640625 0.9390625 0.159375 0.0453125
0 0.86875 0.9671875 0.165625 0.040625
0 0.88125 0.99375 0.17890625 0.0125
0 0.95390625 0.746875 0.0921875 0.05859375
0 0.9578125 0.77734375 0.08359375 0.04453125
0 0.959375 0.803125 0.08125 0.0375
0 0.9625 0.83125 0.075 0.046875
0 0.97109375 0.8609375 0.0578125 0.0359375
0 0.97265625 0.88984375 0.05390625 0.0375
0 0.975 0.91796875 0.05 0.03046875
0 0.978125 0.94765625 0.04296875 0.03515625
0 0.984375 0.98203125 0.03125 0.0359375
0 0.44453125 0.9703125 0.28984375 0.059375
1 0.32734375 0.4125 0.04375 0.028125
1 0.265625 0.49609375 0.046875 0.0296875
1 0.28515625 0.54296875 0.06953125 0.03359375
1 0.30859375 0.61484375 0.04765625 0.0328125
1 0.29453125 0.675 0.05234375 0.03515625
1 0.33046875 0.7328125 0.053125 0.0390625
1 0.290625 0.81015625 0.05078125 0.03984375