0 0.471875 0.0484375 0.62890625 0.08671875
0 0.79140625 0.0140625 0.2328125 0.028125
0 0.0390625 0.01171875 0.07734375 0.0234375
0 0.471875 0.103125 0.6421875 0.1046875
0 0.471875 0.1625 0.61171875 0.09609375
0 0.45859375 0.215625 0.640625 0.08515625
0 0.453125 0.278125 0.63359375 0.0953125
0 0.45234375 0.340625 0.615625 0.08359375
0 0.45390625 0.4 0.609375 0.0671875
0 0.459375 0.45234375 0.60078125 0.07734375
0 0.4625 0.5109375 0.6140625 0.0671875
0 0.478125 0.56484375 0.60078125 0.06171875
0 0.4859375 0.6171875 0.59765625 0.06953125
0 0.5 0.671875 0.59296875 0.05859375
0 0.47734375 0.7234375 0.5953125 0.06015625
0 0.484375 0.771875 0.59375 0.06015625
0 0.48125 0.821875 0.5875 0.0546875
0 0.48828125 0.86875 0.5734375 0.04296875
0 0.4890625 0.91484375 0.56484375 0.04921875
0 0.47578125 0.96875 0.55234375 0.0578125
0 0.04296875 0.58046875 0.0859375 0.0515625
0 0.04375 0.56171875 0.0875 0.05234375
0 0.03984375 0.54765625 0.0796875 0.0453125
0 0.040625 0.53046875 0.08125 0.0453125
0 0.03828125 0.51484375 0.0765625 0.04140625
0 0.040625 0.49609375 0.08125 0.0375
0 0.040625 0.48203125 0.08125 0.0375
0 0.040625 0.4625 0.08125 0.034375
0 0.04140625 0.44765625 0.0828125 0.03125
0 0.0453125 0.42734375 0.08984375 0.0265625
0 0.046875 0.40859375 0.09375 0.0203125
0 0.04765625 0.38984375 0.0953125 0.0234375
0 0.04609375 0.3703125 0.0921875 0.028125
0 0.0453125 0.35390625 0.08984375 0.03203125
0 0.0453125 0.33203125 0.08984375 0.0375
0 0.0453125 0.315625 0.090625 0.04296875
0 0.04921875 0.30078125 0.0984375 0.0421875
0 0.04765625 0.2765625 0.0953125 0.04453125
0 0.04453125 0.2578125 0.08828125 0.05234375
0 0.0453125 0.2421875 0.090625 0.053125
0 0.0421875 0.22265625 0.084375 0.05546875
0 0.04296875 0.20234375 0.0859375 0.0640625
0 0.04140625 0.16484375 0.08203125 0.071875
0 0.04375 0.14609375 0.08671875 0.07578125
0 0.04296875 0.1265625 0.08515625 0.078125
0 0.04296875 0.109375 0.0859375 0.075
0 0.04296875 0.08984375 0.0859375 0.07734375
0 0.0421875 0.0671875 0.084375 0.071875
0 0.040625 0.04921875 0.08125 0.07890625
0 0.83359375 0.0375 0.11328125 0.021875
0 0.840625 0.06171875 0.1328125 0.0265625
0 0.8421875 0.0828125 0.13046875 0.02578125
0 0.8421875 0.10546875 0.12109375 0.02421875
0 0.84296875 0.12734375 0.12890625 0.0203125
0 0.8390625 0.14921875 0.12109375 0.02734375
0 0.82890625 0.17109375 0.12421875 0.02265625
0 0.825 0.190625 0.12109375 0.02109375
0 0.81796875 0.21484375 0.11796875 0.01953125
0 0.81484375 0.23515625 0.12109375 0.02578125
0 0.82109375 0.2578125 0.12734375 0.021875
0 0.8140625 0.278125 0.12265625 0.01953125
1 0.74375 0.11015625 0.046875 0.0296875
1 0.721875 0.2296875 0.0484375 0.0296875
1 0.71875 0.28671875 0.046875 0.0296875
1 0.7171875 0.39921875 0.04375 0.02890625
1 0.7234375 0.51015625 0.0453125 0.02578125
1 0.73203125 0.5625 0.04609375 0.025
1 0.73984375 0.6171875 0.0453125 0.025
1 0.740625 0.66796875 0.04296875 0.02421875
1 0.7296875 0.7203125 0.04375 0.02734375
1 0.73515625 0.77109375 0.0421875 0.02578125
1 0.7296875 0.81875 0.0421875 0.02265625
1 0.7375 0.86875 0.04140625 0.02421875
1 0.73203125 0.91171875 0.03984375 0.025
1 0.7140625 0.95546875 0.0390625 0.025
1 0.85625 0.3421875 0.01953125 0.01171875
1 0.84453125 0.3625 0.01484375 0.01015625
1 0.88671875 0.059375 0.021875 0.0140625
1 0.8875 0.084375 0.0203125 0.01328125
1 0.88515625 0.10546875 0.01875 0.0125
1 0.890625 0.128125 0.02109375 0.01328125
1 0.875 0.1734375 0.021875 0.0140625
1 0.8703125 0.19375 0.01953125 0.01484375
1 0.86171875 0.215625 0.01953125 0.01328125
1 0.859375 0.2375 0.01875 0.01328125
1 0.86484375 0.25703125 0.01953125 0.01328125
1 0.8609375 0.27890625 0.01953125 0.0125