0 0.8796875 0.01484375 0.2375 0.0296875
0 0.8796875 0.05078125 0.240625 0.0671875
0 0.88046875 0.11171875 0.23828125 0.07890625
0 0.87578125 0.165625 0.2484375 0.096875
0 0.87421875 0.21484375 0.2515625 0.0890625
0 0.8765625 0.2671875 0.246875 0.0875
0 0.9015625 0.55546875 0.196875 0.0921875
0 0.890625 0.52265625 0.21796875 0.10390625
0 0.89453125 0.440625 0.2109375 0.10390625
0 0.88359375 0.403125 0.2328125 0.09765625
0 0.88515625 0.359375 0.22890625 0.08671875
0 0.903125 0.3140625 0.19375 0.0875
0 0.6109375 0.01796875 0.33671875 0.0359375
0 0.61328125 0.0546875 0.328125 0.05859375
0 0.61796875 0.10390625 0.33203125 0.05078125
0 0.61328125 0.15234375 0.32578125 0.0546875
0 0.6078125 0.19375 0.3234375 0.071875
0 0.315625 0.0203125 0.2609375 0.03984375
0 0.31796875 0.05703125 0.25859375 0.04609375
0 0.31953125 0.096875 0.25390625 0.04609375
0 0.34921875 0.1359375 0.24375 0.046875
0 0.346875 0.1734375 0.23203125 0.0484375
0 0.34765625 0.19765625 0.225 0.0421875
0 0.090625 0.00703125 0.15625 0.0140625
0 0.1046875 0.021875 0.17734375 0.04375
0 0.1109375 0.05703125 0.1796875 0.03046875
0 0.11328125 0.09296875 0.17578125 0.0328125
0 0.125 0.12265625 0.1765625 0.03828125
0 0.1390625 0.15859375 0.1796875 0.0421875
0 0.1484375 0.1875 0.17734375 0.0359375
0 0.1546875 0.215625 0.16640625 0.03515625
0 0.12890625 0.2359375 0.11015625 0.0265625
0 0.10390625 0.26796875 0.0515625 0.0328125
0 0.10703125 0.29140625 0.053125 0.02421875
0 0.03671875 0.34921875 0.0734375 0.0453125
0 0.03359375 0.32734375 0.0671875 0.0390625
0 0.03515625 0.303125 0.0703125 0.0359375
0 0.03828125 0.28046875 0.07578125 0.03671875
0 0.03203125 0.2546875 0.0640625 0.0359375
0 0.03046875 0.2296875 0.0609375 0.034375
0 0.02734375 0.2046875 0.0546875 0.034375
0 0.025 0.17734375 0.04921875 0.03515625
0 0.02109375 0.14765625 0.04140625 0.0359375
0 0.01875 0.11796875 0.0375 0.0265625
0 0.47265625 0.26875 0.71484375 0.1578125
1 0.76953125 0.3078125 0.053125 0.0390625
1 0.7234375 0.37265625 0.0546875 0.03359375
1 0.76015625 0.42109375 0.05078125 0.0296875
1 0.74609375 0.47578125 0.046875 0.03203125
1 0.76875 0.5421875 0.0609375 0.03203125
1 0.78828125 0.5828125 0.04296875 0.02421875
1 0.71796875 0.65390625 0.0390625 0.02421875
0 0.434375 0.35859375 0.69609375 0.10546875
0 0.478125 0.415625 0.66484375 0.09296875
0 0.47109375 0.4828125 0.64921875 0.07265625
0 0.52109375 0.53828125 0.61875 0.06015625
0 0.53515625 0.5796875 0.60703125 0.06875
0 0.51171875 0.62578125 0.565625 0.06484375
0 0.478125 0.66796875 0.55234375 0.0453125