0 0.5 0.2578125 1 0.36796875
0 0.48515625 0.46953125 0.946875 0.0734375
0 0.375 0.03515625 0.625 0.0703125
0 0.35625 0.07890625 0.62734375 0.09609375
0 0.8796875 0.0390625 0.240625 0.07734375
0 0.86328125 0.0671875 0.27265625 0.134375
0 0.834375 0.10390625 0.240625 0.171875
1 0.10390625 0.46328125 0.090625 0.05390625
1 0.11640625 0.03828125 0.07109375 0.04296875
1 0.11484375 0.09765625 0.05625 0.0484375
1 0.13203125 0.1546875 0.05 0.0375
1 0.975 0.0390625 0.05 0.0453125
1 0.94296875 0.09921875 0.0546875 0.040625
1 0.9171875 0.16015625 0.05546875 0.046875