0 0.3875 0.23828125 0.75 0.134375
0 0.38671875 0.28359375 0.73984375 0.1125
0 0.40546875 0.3234375 0.73515625 0.10703125
0 0.43125 0.39296875 0.765625 0.1421875
0 0.46171875 0.459375 0.8875 0.14921875
0 0.48125 0.54375 0.9125 0.15234375
0 0.4640625 0.6234375 0.928125 0.153125
0 0.4859375 0.79296875 0.971875 0.26953125
0 0.9421875 0.66796875 0.11484375 0.05703125
0 0.953125 0.7015625 0.09296875 0.040625
0 0.95625 0.7296875 0.0859375 0.0375
0 0.8859375 0.79453125 0.22734375 0.09453125
0 0.9453125 0.821875 0.10859375 0.01953125
0 0.9484375 0.84609375 0.103125 0.0328125
0 0.96484375 0.8578125 0.06953125 0.03203125
0 0.965625 0.8734375 0.0671875 0.01953125
0 0.96875 0.88671875 0.0625 0.0203125
0 0.98359375 0.8984375 0.0328125 0.0171875
0 0.97890625 0.9125 0.0421875 0.0125
0 0.98046875 0.92890625 0.03828125 0.01796875
0 0.98203125 0.94296875 0.03515625 0.01875
0 0.28125 0.95 0.33125 0.071875
0 0.5203125 0.95078125 0.1828125 0.0484375
0 0.525 0.98203125 0.175 0.0359375
0 0.27890625 0.9828125 0.3375 0.034375