0 0.475 0.64140625 0.571875 0.08671875
0 0.5140625 0.5859375 0.58359375 0.0765625
0 0.53203125 0.528125 0.6109375 0.0671875
0 0.5203125 0.4703125 0.6375 0.05703125
0 0.4703125 0.41171875 0.66796875 0.08125
0 0.47734375 0.32734375 0.6890625 0.1
0 0.45625 0.25 0.675 0.09296875
0 0.46875 0.13515625 0.72578125 0.2
1 0.77109375 0.178125 0.06796875 0.05859375
1 0.725 0.25859375 0.06875 0.06328125
1 0.76171875 0.3296875 0.0578125 0.0578125
1 0.746875 0.39609375 0.06015625 0.05390625
0 0.60390625 0.0390625 0.30546875 0.07734375