0 0.321875 0.52265625 0.184375 0.75234375
0 0.42578125 0.5609375 0.12578125 0.73828125
0 0.521875 0.51328125 0.10625 0.7125
0 0.59296875 0.51796875 0.0921875 0.68046875
0 0.6640625 0.47265625 0.08125 0.65234375
0 0.71953125 0.45703125 0.0921875 0.63671875
0 0.7828125 0.47421875 0.071875 0.60859375
0 0.82734375 0.51875 0.0765625 0.5859375
0 0.04296875 0.37421875 0.0859375 0.34921875
0 0.103125 0.3765625 0.06953125 0.35390625
0 0.16171875 0.3734375 0.0765625 0.34453125
0 0.22578125 0.38046875 0.0953125 0.34296875
0 0.03828125 0.6796875 0.0765625 0.27734375
0 0.09375 0.66953125 0.07109375 0.27578125
0 0.15 0.6546875 0.05703125 0.26171875
0 0.19140625 0.65234375 0.06640625 0.2453125
0 0.2265625 0.6546875 0.0625 0.24296875
0 0.015625 0.903125 0.03046875 0.18359375
0 0.04609375 0.896875 0.04140625 0.1859375
0 0.0890625 0.89765625 0.05078125 0.1859375
0 0.13359375 0.8828125 0.0484375 0.19453125
0 0.1765625 0.87109375 0.04609375 0.2046875
0 0.215625 0.86015625 0.03515625 0.1921875
0 0.2453125 0.85078125 0.03671875 0.19140625
0 0.27734375 0.8703125 0.040625 0.14140625
0 0.42265625 0.96640625 0.04765625 0.0671875
0 0.390625 0.96796875 0.04296875 0.0640625
0 0.36015625 0.96953125 0.0421875 0.059375
0 0.33046875 0.9703125 0.0421875 0.059375
0 0.29765625 0.97265625 0.0375 0.0546875
0 0.26484375 0.9765625 0.0375 0.046875
0 0.23046875 0.9765625 0.0359375 0.046875
0 0.19765625 0.98359375 0.0390625 0.0328125
1 0.3625 0.2125 0.046875 0.06015625
1 0.45 0.25859375 0.0453125 0.06875
1 0.51484375 0.22109375 0.0453125 0.0609375
1 0.5875 0.234375 0.03828125 0.06171875
1 0.66875 0.21640625 0.03828125 0.0859375
1 0.7203125 0.19296875 0.03671875 0.05625
1 0.815625 0.2671875 0.03046875 0.05546875
0 0.10859375 0.1 0.075 0.2
0 0.175 0.10625 0.0765625 0.209375
0 0.25 0.11328125 0.065625 0.22578125
0 0.30546875 0.103125 0.0703125 0.20625
0 0.37265625 0.090625 0.07109375 0.18125
0 0.43046875 0.10625 0.0859375 0.21171875
0 0.4859375 0.10859375 0.1078125 0.2140625
0 0.5375 0.10078125 0.09453125 0.2015625
0 0.5875 0.1 0.1125 0.2
0 0.64140625 0.0984375 0.1109375 0.196875
0 0.68203125 0.08671875 0.1109375 0.1734375