0 0.4875 0.24453125 0.87734375 0.234375
0 0.4671875 0.40625 0.85859375 0.11875
0 0.53359375 0.48046875 0.74453125 0.11484375
0 0.51953125 0.5484375 0.7234375 0.121875
0 0.490625 0.621875 0.596875 0.078125
0 0.46328125 0.68125 0.60390625 0.09140625
0 0.46484375 0.74140625 0.5859375 0.13203125
0 0.878125 0.23984375 0.24296875 0.08046875
0 0.9421875 0.3 0.0953125 0.040625
0 0.9359375 0.328125 0.1 0.03828125
0 0.93203125 0.1875 0.1359375 0.0375
0 0.93203125 0.209375 0.1359375 0.03125
1 0.97265625 0.26796875 0.025 0.01484375
1 0.81484375 0.134375 0.01171875 0.00859375
1 0.84140625 0.18671875 0.01171875 0.00703125
1 0.84453125 0.17421875 0.01015625 0.00703125
1 0.85234375 0.13515625 0.01171875 0.00859375
1 0.84765625 0.14765625 0.01171875 0.00859375
1 0.7421875 0.11015625 0.01015625 0.0109375
1 0.8203125 0.11796875 0.00859375 0.00859375