0 0.12421875 0.03125 0.2484375 0.0625
0 0.12578125 0.084375 0.2515625 0.06875
0 0.12734375 0.1484375 0.25390625 0.05625
0 0.121875 0.19765625 0.24296875 0.0453125
0 0.08984375 0.2546875 0.1796875 0.0609375
0 0.109375 0.309375 0.21875 0.0546875
0 0.1109375 0.35703125 0.221875 0.06015625
0 0.096875 0.4078125 0.19375 0.04921875
0 0.1 0.4546875 0.196875 0.0609375
0 0.0859375 0.503125 0.171875 0.05
0 0.0765625 0.55390625 0.153125 0.07265625
0 0.4171875 0.015625 0.3390625 0.03125
0 0.4125 0.040625 0.34140625 0.08046875
0 0.4046875 0.090625 0.3484375 0.06796875
0 0.4078125 0.13671875 0.3515625 0.04453125
0 0.54609375 0.246875 0.77890625 0.17734375
0 0.58125 0.34765625 0.7609375 0.1140625
0 0.5296875 0.42421875 0.740625 0.1453125
0 0.53125 0.49375 0.72421875 0.13203125
0 0.47890625 0.54921875 0.7 0.121875
0 0.45859375 0.61640625 0.68828125 0.12109375
0 0.48515625 0.678125 0.65390625 0.10859375
0 0.52109375 0.72734375 0.63515625 0.10078125
0 0.7171875 0.02734375 0.271875 0.05390625
0 0.7078125 0.0546875 0.25625 0.07421875
0 0.6859375 0.09609375 0.253125 0.0625
0 0.68671875 0.140625 0.2421875 0.0421875
0 0.68359375 0.175 0.24765625 0.03515625
0 0.92421875 0.0140625 0.15078125 0.028125
0 0.9234375 0.0359375 0.153125 0.05390625
0 0.91875 0.06875 0.1625 0.0546875
0 0.91171875 0.10703125 0.17578125 0.04296875
0 0.9 0.14140625 0.18515625 0.03828125
0 0.89296875 0.1765625 0.18203125 0.03046875
0 0.896875 0.20625 0.16953125 0.02890625
0 0.921875 0.23828125 0.10234375 0.03203125
1 0.22109375 0.2578125 0.06484375 0.0421875
1 0.26328125 0.34140625 0.0734375 0.04140625
1 0.2203125 0.39921875 0.059375 0.03671875
1 0.23203125 0.46640625 0.05546875 0.040625
1 0.2015625 0.546875 0.0859375 0.04609375
1 0.171875 0.59765625 0.05625 0.03671875
1 0.24609375 0.696875 0.05234375 0.034375