0 0.13203125 0.10546875 0.2640625 0.1671875
0 0.134375 0.22890625 0.26875 0.12109375
0 0.134375 0.3359375 0.26875 0.134375
0 0.1390625 0.453125 0.2703125 0.1359375
0 0.140625 0.5625 0.26796875 0.146875
0 0.14453125 0.6734375 0.26328125 0.14375
0 0.14921875 0.775 0.25625 0.115625
0 0.14765625 0.8828125 0.2578125 0.1296875
0 0.15234375 0.9671875 0.2484375 0.065625
0 0.38671875 0.140625 0.24140625 0.1515625
0 0.38515625 0.2609375 0.253125 0.1296875
0 0.38515625 0.37890625 0.259375 0.1375
0 0.3890625 0.4828125 0.25234375 0.13515625
0 0.39140625 0.58984375 0.2546875 0.14140625
0 0.3921875 0.70703125 0.25546875 0.13046875
0 0.3921875 0.81171875 0.25859375 0.12890625
0 0.3921875 0.9296875 0.26015625 0.140625
0 0.33984375 0.96953125 0.11328125 0.06015625
0 0.87109375 0.21171875 0.25078125 0.16875
0 0.6265625 0.178125 0.240625 0.1625
0 0.628125 0.3015625 0.24375 0.14453125
0 0.6296875 0.4125 0.24765625 0.1375
0 0.6328125 0.51328125 0.240625 0.1296875
0 0.634375 0.63046875 0.2375 0.12734375
0 0.6375 0.7390625 0.2359375 0.1265625
0 0.6375 0.8484375 0.23515625 0.13046875
0 0.63828125 0.94296875 0.23359375 0.1140625
0 0.871875 0.33359375 0.24921875 0.14375
0 0.87265625 0.440625 0.24921875 0.15
0 0.87421875 0.54296875 0.24609375 0.1640625
0 0.875 0.65390625 0.24453125 0.13203125
0 0.8734375 0.7640625 0.24375 0.13984375
0 0.87421875 0.8640625 0.2421875 0.1234375
0 0.87265625 0.953125 0.24140625 0.09375