2 0.2921875 0.2640625 0.58359375 0.103125
2 0.2875 0.30234375 0.575 0.08984375
2 0.2953125 0.3359375 0.590625 0.090625
2 0.296875 0.371875 0.59375 0.0796875
2 0.2953125 0.403125 0.590625 0.078125
2 0.29296875 0.43359375 0.5859375 0.0734375
2 0.28671875 0.47109375 0.5734375 0.07421875
2 0.2890625 0.50546875 0.57734375 0.07578125
2 0.2796875 0.5421875 0.559375 0.075
2 0.2765625 0.5765625 0.553125 0.084375
2 0.2859375 0.6140625 0.571875 0.08515625
2 0.28359375 0.64609375 0.56640625 0.09140625
2 0.28515625 0.68046875 0.5703125 0.09921875
2 0.28515625 0.70859375 0.5703125 0.1015625
2 0.29140625 0.7328125 0.5828125 0.11171875
2 0.28046875 0.76640625 0.5609375 0.1234375
2 0.28984375 0.8 0.5796875 0.125
2 0.2890625 0.83203125 0.57734375 0.12421875
2 0.29140625 0.8625 0.5828125 0.134375
2 0.72421875 0.11015625 0.4015625 0.08515625
2 0.7125 0.1359375 0.39453125 0.07890625
2 0.70859375 0.159375 0.39765625 0.07578125
2 0.7 0.1859375 0.39140625 0.071875
2 0.696875 0.20625 0.39375 0.0703125
2 0.6921875 0.23125 0.39921875 0.06484375
2 0.69765625 0.25234375 0.37734375 0.059375
2 0.69765625 0.278125 0.3921875 0.0546875
2 0.7203125 0.2984375 0.3390625 0.0515625
2 0.7125 0.31953125 0.3265625 0.05
2 0.709375 0.34140625 0.3171875 0.0421875
2 0.75546875 0.365625 0.27109375 0.04453125
2 0.640625 0.36640625 0.14765625 0.05078125
2 0.640625 0.39140625 0.1484375 0.04609375
2 0.63984375 0.41796875 0.15625 0.04140625
2 0.64453125 0.44453125 0.1609375 0.0390625
2 0.64453125 0.471875 0.18984375 0.04140625
2 0.65859375 0.49921875 0.21015625 0.04609375
2 0.64609375 0.52421875 0.21640625 0.04765625
2 0.6359375 0.55 0.2046875 0.04921875
2 0.66015625 0.57109375 0.25390625 0.0578125
2 0.6453125 0.5984375 0.20546875 0.05625
2 0.65 0.62109375 0.2078125 0.06171875
2 0.64921875 0.6453125 0.209375 0.06328125
2 0.6375 0.66953125 0.19140625 0.06640625
2 0.63984375 0.6953125 0.209375 0.07734375
2 0.6359375 0.7203125 0.1921875 0.07734375
2 0.64140625 0.740625 0.17265625 0.07578125
2 0.64453125 0.76796875 0.1828125 0.0875
2 0.79140625 0.3859375 0.18046875 0.0375
2 0.78984375 0.40859375 0.1828125 0.0328125
2 0.79296875 0.4296875 0.1828125 0.0328125
2 0.796875 0.4515625 0.17109375 0.0359375
2 0.8015625 0.47421875 0.15546875 0.034375
2 0.81015625 0.4953125 0.14140625 0.03984375
2 0.7984375 0.51484375 0.1578125 0.04140625
2 0.8015625 0.53515625 0.1625 0.040625
2 0.8328125 0.55546875 0.12109375 0.04453125
2 0.80546875 0.5765625 0.16015625 0.04609375
2 0.8171875 0.5953125 0.15625 0.04921875
2 0.79921875 0.61953125 0.12265625 0.046875
2 0.796875 0.63671875 0.16328125 0.0609375
2 0.8078125 0.6609375 0.1828125 0.06484375
2 0.83203125 0.68671875 0.25 0.12109375