2 0.15703125 0.73828125 0.31328125 0.13828125
2 0.171875 0.68828125 0.34375 0.15
2 0.190625 0.640625 0.38125 0.16796875
2 0.19375 0.5921875 0.38671875 0.18203125
2 0.20078125 0.54453125 0.40078125 0.18828125
2 0.2046875 0.49765625 0.409375 0.20859375
2 0.21015625 0.453125 0.4203125 0.21015625
2 0.2171875 0.40703125 0.434375 0.22421875
2 0.2203125 0.35703125 0.43984375 0.228125
2 0.221875 0.315625 0.44375 0.228125
2 0.23671875 0.2734375 0.4734375 0.25625
2 0.24375 0.2296875 0.4875 0.253125
2 0.25234375 0.1890625 0.50390625 0.2734375
2 0.25546875 0.1484375 0.5109375 0.26640625
2 0.27109375 0.13046875 0.5265625 0.2609375
2 0.3125 0.10234375 0.44140625 0.2046875
2 0.471875 0.08671875 0.1890625 0.1734375
2 0.509375 0.06796875 0.128125 0.1359375
2 0.5453125 0.05 0.09140625 0.1
2 0.37890625 0.94296875 0.34609375 0.1140625
2 0.38828125 0.92421875 0.34765625 0.1515625
2 0.39453125 0.89296875 0.34765625 0.15625
2 0.409375 0.8609375 0.33515625 0.15234375
2 0.42421875 0.8359375 0.334375 0.14609375
2 0.43984375 0.80390625 0.3171875 0.14453125
2 0.45390625 0.775 0.2890625 0.1265625
2 0.46328125 0.75390625 0.275 0.1171875
2 0.53125 0.740625 0.1984375 0.08671875
2 0.553125 0.715625 0.1625 0.084375
2 0.559375 0.68828125 0.1609375 0.08828125
2 0.57421875 0.659375 0.16484375 0.09296875
2 0.5859375 0.63125 0.15 0.09609375
2 0.60390625 0.61015625 0.1375 0.0921875
2 0.6203125 0.58046875 0.115625 0.09140625
2 0.6234375 0.54921875 0.12578125 0.1125
2 0.63203125 0.521875 0.134375 0.1171875
2 0.6703125 0.50546875 0.1046875 0.09921875
2 0.6609375 0.46875 0.13125 0.1125
2 0.67421875 0.44921875 0.128125 0.11015625
2 0.66953125 0.4140625 0.10703125 0.1015625
2 0.68046875 0.38671875 0.12890625 0.1296875
2 0.7359375 0.32890625 0.1796875 0.24140625