2 0.2484375 0.315625 0.496875 0.0578125
2 0.24921875 0.3375 0.4984375 0.0546875
2 0.25546875 0.36015625 0.51015625 0.05078125
2 0.25703125 0.38125 0.5140625 0.04375
2 0.25546875 0.4015625 0.51015625 0.04296875
2 0.2546875 0.4234375 0.509375 0.0421875
2 0.2515625 0.44609375 0.503125 0.04453125
2 0.253125 0.4703125 0.50625 0.0421875
2 0.24765625 0.49296875 0.4953125 0.04296875
2 0.24375 0.51484375 0.4875 0.05234375
2 0.25078125 0.5359375 0.50078125 0.05625
2 0.25234375 0.55546875 0.5046875 0.0609375
2 0.253125 0.575 0.50546875 0.06484375
2 0.24921875 0.5953125 0.4984375 0.065625
2 0.25859375 0.61328125 0.51640625 0.075
2 0.25234375 0.63671875 0.50390625 0.0765625
2 0.2625 0.65625 0.52421875 0.084375
2 0.26171875 0.67578125 0.52265625 0.09140625
2 0.26328125 0.6953125 0.5265625 0.090625
2 0.6171875 0.2109375 0.3390625 0.053125
2 0.60703125 0.225 0.33828125 0.046875
2 0.603125 0.2421875 0.33671875 0.0453125
2 0.6 0.25703125 0.3265625 0.0453125
2 0.59375 0.27109375 0.328125 0.04453125
2 0.59375 0.2859375 0.33125 0.03984375
2 0.59453125 0.3015625 0.32578125 0.0375
2 0.62109375 0.3296875 0.284375 0.0359375
2 0.61640625 0.3421875 0.27265625 0.03203125
2 0.6125 0.35703125 0.2703125 0.028125
2 0.64921875 0.37109375 0.23046875 0.02734375
2 0.684375 0.3859375 0.15546875 0.0265625
2 0.68203125 0.39921875 0.15078125 0.025
2 0.68515625 0.4140625 0.1578125 0.02734375
2 0.6859375 0.42734375 0.15 0.025
2 0.690625 0.440625 0.14453125 0.02578125
2 0.7046875 0.453125 0.11796875 0.03203125
2 0.6921875 0.46640625 0.1328125 0.03515625
2 0.70078125 0.478125 0.14375 0.0328125
2 0.725 0.4921875 0.10546875 0.034375
2 0.70546875 0.50703125 0.13359375 0.0359375
2 0.71328125 0.5171875 0.13515625 0.03359375
2 0.70390625 0.5328125 0.109375 0.0328125
2 0.696875 0.54296875 0.1421875 0.04296875
2 0.7359375 0.5765625 0.21796875 0.084375