2 0.73671875 0.88359375 0.5265625 0.18515625
2 0.7390625 0.8421875 0.521875 0.171875
2 0.73828125 0.80390625 0.5234375 0.1703125
2 0.74921875 0.765625 0.5015625 0.1625
2 0.73984375 0.72109375 0.5203125 0.1546875
2 0.746875 0.6890625 0.50625 0.13359375
2 0.746875 0.65078125 0.50625 0.12890625
2 0.74765625 0.61015625 0.5046875 0.1203125
2 0.7484375 0.56796875 0.503125 0.1203125
2 0.75546875 0.528125 0.4890625 0.103125
2 0.753125 0.48515625 0.49375 0.0875
2 0.7453125 0.440625 0.509375 0.09453125
2 0.75 0.39765625 0.49921875 0.08203125
2 0.74609375 0.3515625 0.5078125 0.08203125
2 0.74453125 0.30859375 0.5109375 0.0765625
2 0.7453125 0.2671875 0.509375 0.08203125
2 0.7453125 0.22421875 0.50859375 0.08828125
2 0.7515625 0.18125 0.49609375 0.09375
2 0.753125 0.13984375 0.49375 0.1046875
2 0.42421875 0.7546875 0.14453125 0.11640625
2 0.4296875 0.721875 0.1421875 0.1015625
2 0.43515625 0.696875 0.1546875 0.1046875
2 0.43046875 0.6640625 0.1625 0.10546875
2 0.43359375 0.634375 0.153125 0.0890625
2 0.42734375 0.60078125 0.1703125 0.0859375
2 0.428125 0.56953125 0.16953125 0.084375
2 0.43125 0.54609375 0.1625 0.0734375
2 0.38828125 0.50859375 0.1484375 0.084375
2 0.44296875 0.48203125 0.16640625 0.0625
2 0.43359375 0.44921875 0.18359375 0.0671875
2 0.40078125 0.41640625 0.12421875 0.059375
2 0.434375 0.38671875 0.15625 0.0578125
2 0.4421875 0.35390625 0.14453125 0.0546875
2 0.44140625 0.31953125 0.12890625 0.05390625
2 0.4421875 0.2875 0.12265625 0.05625
2 0.440625 0.2546875 0.125 0.065625
2 0.3984375 0.03515625 0.32578125 0.06953125
2 0.403125 0.05234375 0.3234375 0.08359375
2 0.40546875 0.08125 0.328125 0.075
2 0.39921875 0.1125 0.3109375 0.0671875
2 0.396875 0.14140625 0.31484375 0.06484375
2 0.37890625 0.16875 0.2828125 0.06328125
2 0.3828125 0.19296875 0.271875 0.05859375
2 0.3875 0.2203125 0.26015625 0.05234375
2 0.353125 0.2484375 0.23203125 0.04765625
2 0.31640625 0.27578125 0.15234375 0.0484375
2 0.3171875 0.30390625 0.15390625 0.04453125
2 0.3140625 0.3296875 0.1515625 0.04609375
2 0.3109375 0.35703125 0.14453125 0.04609375
2 0.30625 0.38046875 0.13203125 0.0515625
2 0.296875 0.4078125 0.11328125 0.0578125
2 0.30703125 0.434375 0.12734375 0.0625
2 0.2765625 0.48203125 0.1015625 0.06640625
2 0.29609375 0.5109375 0.13046875 0.065625
2 0.28984375 0.53203125 0.12734375 0.06875
2 0.3 0.565625 0.09921875 0.06640625
2 0.3015625 0.584375 0.13359375 0.08515625
2 0.2953125 0.61015625 0.146875 0.0953125
2 0.26953125 0.64765625 0.203125 0.16953125