2 0.1421875 0.75 0.1171875 0.5
2 0.18359375 0.75 0.1015625 0.5
2 0.225 0.74375 0.09765625 0.5125
2 0.26796875 0.74453125 0.08984375 0.51015625
2 0.30625 0.7453125 0.078125 0.509375
2 0.35 0.74609375 0.078125 0.5078125
2 0.39453125 0.7515625 0.07578125 0.496875
2 0.4375 0.74765625 0.0875 0.5046875
2 0.4828125 0.75390625 0.08984375 0.4921875
2 0.52890625 0.75625 0.09453125 0.48671875
2 0.56953125 0.75 0.11015625 0.49921875
2 0.609375 0.74765625 0.11640625 0.50390625
2 0.64765625 0.74609375 0.11875 0.5078125
2 0.6875 0.7484375 0.12578125 0.50234375
2 0.71953125 0.74296875 0.14375 0.5140625
2 0.76796875 0.7484375 0.14453125 0.503125
2 0.80390625 0.7390625 0.1640625 0.52109375
2 0.84453125 0.73984375 0.17265625 0.51953125
2 0.88359375 0.740625 0.17578125 0.51875
2 0.25546875 0.4421875 0.06328125 0.1265625
2 0.28515625 0.44375 0.05390625 0.13046875
2 0.321875 0.44296875 0.05390625 0.1328125
2 0.35390625 0.44140625 0.05234375 0.1390625
2 0.38515625 0.43671875 0.05546875 0.15859375
2 0.4171875 0.4234375 0.05703125 0.18125
2 0.4515625 0.4328125 0.05859375 0.18203125
2 0.48046875 0.44296875 0.06484375 0.17265625
2 0.5078125 0.42265625 0.08046875 0.2171875
2 0.54921875 0.43359375 0.06953125 0.1625
2 0.571875 0.42734375 0.08515625 0.171875
2 0.60234375 0.4234375 0.096875 0.18203125
2 0.628125 0.43515625 0.09609375 0.16171875
2 0.6640625 0.4328125 0.10390625 0.16953125
2 0.69609375 0.43359375 0.10546875 0.165625
2 0.72109375 0.42890625 0.1 0.15
2 0.75546875 0.425 0.11640625 0.1453125
2 0.01953125 0.2640625 0.0390625 0.0859375
2 0.0375 0.4 0.07421875 0.33046875
2 0.05546875 0.4015625 0.08828125 0.33203125
2 0.08515625 0.4078125 0.078125 0.3328125
2 0.115625 0.40078125 0.0765625 0.31953125
2 0.14296875 0.396875 0.0703125 0.32265625
2 0.1671875 0.37890625 0.06796875 0.28828125
2 0.19453125 0.384375 0.06171875 0.278125
2 0.225 0.38515625 0.06484375 0.26328125
2 0.2484375 0.35703125 0.0546875 0.2515625
2 0.278125 0.31640625 0.04453125 0.15625
2 0.3046875 0.31875 0.0359375 0.15234375
2 0.3296875 0.31640625 0.0375 0.159375
2 0.35625 0.3140625 0.04140625 0.14921875
2 0.3828125 0.30390625 0.04921875 0.13359375
2 0.409375 0.30625 0.04765625 0.13203125
2 0.434375 0.31015625 0.0609375 0.13671875
2 0.459375 0.30390625 0.05625 0.1359375
2 0.484375 0.2765625 0.06171875 0.10546875
2 0.51328125 0.29921875 0.0703125 0.1375
2 0.534375 0.29453125 0.07109375 0.14453125
2 0.5671875 0.3 0.06640625 0.109375
2 0.64921875 0.2671875 0.16015625 0.2046875
2 0.58671875 0.30234375 0.08125 0.1328125