2 0.28125 0.7671875 0.5625 0.26015625
2 0.2703125 0.68125 0.540625 0.215625
2 0.2734375 0.60625 0.546875 0.18828125
2 0.2546875 0.53828125 0.509375 0.15
2 0.2484375 0.4703125 0.49609375 0.16328125
2 0.246875 0.39140625 0.49375 0.16484375
2 0.2328125 0.328125 0.46484375 0.14765625
2 0.23046875 0.2625 0.4609375 0.2265625
2 0.22890625 0.171875 0.4578125 0.22265625
2 0.22265625 0.1109375 0.4453125 0.221875
2 0.76171875 0.6640625 0.378125 0.1375
2 0.70390625 0.6359375 0.33359375 0.13515625
2 0.70859375 0.6265625 0.35 0.1125
2 0.70390625 0.59375 0.33046875 0.12109375
2 0.71796875 0.53671875 0.30234375 0.1015625
2 0.70390625 0.51015625 0.3609375 0.1140625
2 0.6984375 0.4796875 0.35703125 0.10703125
2 0.69375 0.4515625 0.35234375 0.1078125
2 0.6921875 0.42734375 0.33671875 0.1015625
2 0.68984375 0.39921875 0.35234375 0.11015625
2 0.69453125 0.346875 0.35390625 0.11796875
2 0.70234375 0.31015625 0.36953125 0.1140625