2 0.28515625 0.21015625 0.5703125 0.1265625
2 0.27421875 0.296875 0.5484375 0.1328125
2 0.290625 0.37265625 0.58125 0.1171875
2 0.290625 0.43203125 0.58046875 0.15
2 0.278125 0.4890625 0.55625 0.16171875
2 0.278125 0.5515625 0.55546875 0.1625
2 0.26953125 0.6078125 0.5390625 0.17265625
2 0.27421875 0.66796875 0.5484375 0.22421875
2 0.278125 0.73125 0.55546875 0.2234375
2 0.27890625 0.8015625 0.55703125 0.246875
2 0.2578125 0.88671875 0.515625 0.2265625
2 0.740625 0.21640625 0.3296875 0.06953125
2 0.7125 0.23828125 0.3046875 0.0546875
2 0.7125 0.265625 0.30234375 0.04765625
2 0.725 0.2921875 0.33515625 0.05078125
2 0.7265625 0.31328125 0.3203125 0.05859375
2 0.73515625 0.33828125 0.3 0.06015625
2 0.71796875 0.37734375 0.325 0.0640625
2 0.7203125 0.3953125 0.3234375 0.07109375
2 0.7203125 0.4203125 0.32109375 0.07734375
2 0.72421875 0.44765625 0.30625 0.07734375
2 0.73203125 0.46875 0.3140625 0.08671875
2 0.73046875 0.51015625 0.32265625 0.08671875
2 0.73828125 0.53828125 0.35703125 0.115625