2 0.246875 0.26640625 0.49375 0.17265625
2 0.240625 0.34140625 0.48125 0.15078125
2 0.25390625 0.4046875 0.5078125 0.12421875
2 0.2359375 0.46953125 0.471875 0.10625
2 0.23203125 0.53046875 0.4640625 0.15
2 0.23515625 0.578125 0.4703125 0.14765625
2 0.22734375 0.63984375 0.4546875 0.15859375
2 0.22734375 0.69453125 0.4546875 0.203125
2 0.234375 0.75390625 0.46875 0.21796875
2 0.2265625 0.81640625 0.453125 0.23046875
2 0.209375 0.88671875 0.41875 0.2234375
2 0.67109375 0.30078125 0.3359375 0.071875
2 0.65703125 0.33046875 0.3171875 0.07265625
2 0.64765625 0.3625 0.3296875 0.08046875
2 0.64765625 0.38203125 0.309375 0.0640625
2 0.646875 0.41015625 0.26484375 0.06796875
2 0.64609375 0.440625 0.3328125 0.06953125
2 0.64140625 0.4703125 0.32890625 0.065625
2 0.634375 0.4875 0.30859375 0.07265625
2 0.6375 0.509375 0.303125 0.07265625
2 0.6359375 0.5390625 0.3015625 0.08125
2 0.63359375 0.55390625 0.30703125 0.075
2 0.640625 0.571875 0.321875 0.08046875
2 0.7671875 0.59921875 0.109375 0.07734375