2 0.1578125 0.22890625 0.11875 0.4578125
2 0.23515625 0.22578125 0.1171875 0.4515625
2 0.303125 0.23828125 0.0875 0.4765625
2 0.3609375 0.225 0.11328125 0.44921875
2 0.4109375 0.2234375 0.14375 0.446875
2 0.46171875 0.22890625 0.1640625 0.4578125
2 0.51953125 0.22109375 0.16484375 0.44140625
2 0.56875 0.221875 0.20625 0.44375
2 0.62421875 0.23125 0.2109375 0.4625
2 0.690625 0.22890625 0.23359375 0.45703125
2 0.77421875 0.215625 0.20078125 0.43125
2 0.15625 0.65625 0.05078125 0.3625
2 0.4625 0.6265625 0.046875 0.2859375
2 0.4265625 0.6125 0.034375 0.24609375
2 0.37578125 0.64140625 0.07890625 0.3421875
2 0.35625 0.63984375 0.06328125 0.32578125
2 0.33515625 0.634375 0.06015625 0.33828125
2 0.31015625 0.63515625 0.05703125 0.34609375
2 0.2875 0.63203125 0.06171875 0.35390625
2 0.2703125 0.63671875 0.04609375 0.29140625
2 0.2359375 0.64375 0.0515625 0.34765625
2 0.2203125 0.615625 0.0359375 0.3390625
2 0.19765625 0.615625 0.03359375 0.328125
2 0.175 0.62265625 0.03828125 0.309375