2 0.7171875 0.3453125 0.565625 0.075
2 0.7140625 0.39765625 0.57109375 0.065625
2 0.7078125 0.4359375 0.584375 0.0625
2 0.7203125 0.46640625 0.559375 0.0703125
2 0.72734375 0.4984375 0.5453125 0.07734375
2 0.71640625 0.528125 0.56640625 0.08515625
2 0.73515625 0.559375 0.52890625 0.0828125
2 0.721875 0.5828125 0.55625 0.10625
2 0.71875 0.621875 0.5625 0.12109375
2 0.7203125 0.659375 0.559375 0.134375
2 0.72734375 0.709375 0.5453125 0.1140625
2 0.73515625 0.73359375 0.52890625 0.15625
2 0.25078125 0.35234375 0.3453125 0.03046875
2 0.2984375 0.36640625 0.28359375 0.021875
2 0.29296875 0.3765625 0.3078125 0.01953125
2 0.2984375 0.390625 0.29609375 0.02265625
2 0.275 0.40546875 0.3140625 0.02265625
2 0.27734375 0.4203125 0.26640625 0.025
2 0.28359375 0.43359375 0.3296875 0.03125
2 0.28203125 0.4484375 0.31484375 0.034375
2 0.2828125 0.459375 0.31328125 0.03125
2 0.278125 0.471875 0.296875 0.0359375
2 0.27109375 0.484375 0.3125 0.040625
2 0.2734375 0.4953125 0.32265625 0.04375
2 0.24921875 0.509375 0.32109375 0.0390625
2 0.253125 0.52421875 0.3296875 0.04375