2 0.253125 0.240625 0.50625 0.24609375
2 0.2734375 0.328125 0.546875 0.296875
2 0.2796875 0.4109375 0.55859375 0.29765625
2 0.28984375 0.46640625 0.5796875 0.33046875
2 0.30078125 0.52578125 0.6015625 0.35546875
2 0.303125 0.57890625 0.58984375 0.340625
2 0.31328125 0.6359375 0.5765625 0.35703125
2 0.33203125 0.70859375 0.5828125 0.39296875
2 0.36484375 0.76328125 0.5640625 0.38984375
2 0.39453125 0.81328125 0.5546875 0.3734375
2 0.4796875 0.846875 0.403125 0.30625
2 0.90625 0.39296875 0.0921875 0.1359375
2 0.88828125 0.38984375 0.109375 0.15703125
2 0.66484375 0.08828125 0.33359375 0.1328125
2 0.66171875 0.12578125 0.296875 0.15546875
2 0.66796875 0.16171875 0.35 0.15234375
2 0.6828125 0.17890625 0.325 0.1625
2 0.69296875 0.215625 0.27421875 0.1375
2 0.696875 0.24453125 0.3375 0.16484375
2 0.709375 0.271875 0.3359375 0.16328125
2 0.7140625 0.29296875 0.33828125 0.16640625
2 0.72265625 0.31796875 0.31484375 0.16015625
2 0.7296875 0.34609375 0.32265625 0.1703125