2 0.33203125 0.896875 0.6640625 0.20625
2 0.3484375 0.78125 0.696875 0.2328125
2 0.35234375 0.71484375 0.7046875 0.209375
2 0.34140625 0.6203125 0.6828125 0.23203125
2 0.34140625 0.5609375 0.6828125 0.2578125
2 0.35 0.490625 0.7 0.26953125
2 0.34765625 0.42109375 0.6828125 0.26328125
2 0.35625 0.34140625 0.68828125 0.32265625
2 0.371875 0.26953125 0.696875 0.33203125
2 0.4 0.1828125 0.68359375 0.365625
2 0.62265625 0.0921875 0.1703125 0.184375
2 0.834375 0.95625 0.33125 0.0875
2 0.81796875 0.9359375 0.3640625 0.0875
2 0.8203125 0.9 0.359375 0.08125
2 0.828125 0.871875 0.34375 0.08515625
2 0.83984375 0.8390625 0.3203125 0.084375
2 0.85859375 0.7984375 0.2828125 0.084375
2 0.83671875 0.76328125 0.3265625 0.0890625
2 0.840625 0.72265625 0.31875 0.0734375
2 0.846875 0.690625 0.30625 0.06015625
2 0.85234375 0.6609375 0.2953125 0.06640625
2 0.85625 0.62421875 0.2875 0.0640625
2 0.85625 0.5890625 0.2875 0.06015625
2 0.86171875 0.57109375 0.27421875 0.0703125
2 0.86640625 0.5421875 0.2671875 0.07109375