2 0.6546875 0.87421875 0.0625 0.2515625
2 0.64140625 0.86484375 0.0609375 0.2703125
2 0.63046875 0.85078125 0.0640625 0.2984375
2 0.62109375 0.84453125 0.06171875 0.29609375
2 0.60390625 0.853125 0.0671875 0.29375
2 0.58984375 0.85546875 0.0625 0.2890625
2 0.58125 0.83125 0.0640625 0.3265625
2 0.56640625 0.82265625 0.0578125 0.3203125
2 0.55234375 0.81171875 0.059375 0.30859375
2 0.53984375 0.80625 0.06015625 0.3
2 0.528125 0.8046875 0.06015625 0.3109375
2 0.5171875 0.79453125 0.059375 0.31875
2 0.5078125 0.79921875 0.053125 0.32265625
2 0.71953125 0.45 0.14375 0.58203125
2 0.68359375 0.42421875 0.12734375 0.565625
2 0.64765625 0.396875 0.115625 0.61875
2 0.621875 0.38046875 0.1109375 0.5609375
2 0.59296875 0.3546875 0.10390625 0.56640625
2 0.5578125 0.33984375 0.10078125 0.5796875
2 0.5328125 0.309375 0.096875 0.571875
2 0.490625 0.290625 0.1109375 0.58125
2 0.45390625 0.28671875 0.1203125 0.57265625
2 0.41796875 0.28046875 0.1328125 0.5609375
2 0.3828125 0.14140625 0.11015625 0.28203125
2 0.33984375 0.2390625 0.1203125 0.478125