2 0.628125 0.0359375 0.74375 0.07109375
2 0.6328125 0.07734375 0.734375 0.115625
2 0.621875 0.1421875 0.75625 0.1390625
2 0.6125 0.215625 0.775 0.13359375
2 0.6109375 0.2734375 0.77734375 0.13984375
2 0.609375 0.34609375 0.778125 0.121875
2 0.61328125 0.4109375 0.7734375 0.13359375
2 0.60234375 0.4765625 0.7953125 0.1203125
2 0.59453125 0.540625 0.8109375 0.1234375
2 0.59609375 0.6046875 0.8078125 0.1296875
2 0.59375 0.6765625 0.8125 0.12578125
2 0.5859375 0.746875 0.828125 0.1296875
2 0.59453125 0.82734375 0.8109375 0.13359375
2 0.5890625 0.89453125 0.821875 0.14375
2 0.58515625 0.95 0.8296875 0.09921875
2 0.128125 0.3921875 0.25546875 0.06875
2 0.13046875 0.428125 0.25859375 0.05625
2 0.11953125 0.4609375 0.2390625 0.06328125
2 0.11875 0.49375 0.2375 0.059375
2 0.11171875 0.52890625 0.22265625 0.0640625
2 0.11484375 0.56328125 0.2296875 0.0578125
2 0.1125 0.59453125 0.225 0.06171875
2 0.11171875 0.62578125 0.22265625 0.0625
2 0.1109375 0.659375 0.221875 0.06875
2 0.10859375 0.69375 0.2171875 0.059375
2 0.1046875 0.721875 0.209375 0.0640625
2 0.1109375 0.76015625 0.221875 0.0640625