2 0.4328125 0.865625 0.6 0.11328125
2 0.43203125 0.80859375 0.5953125 0.1125
2 0.4484375 0.73984375 0.6 0.13125
2 0.44921875 0.65703125 0.5984375 0.13046875
2 0.4578125 0.596875 0.58984375 0.13828125
2 0.4625 0.53671875 0.58828125 0.11171875
2 0.465625 0.46484375 0.596875 0.13984375
2 0.46328125 0.396875 0.5828125 0.11640625
2 0.47734375 0.34140625 0.5859375 0.1265625
2 0.4828125 0.27265625 0.578125 0.13828125
2 0.4859375 0.21015625 0.578125 0.12265625
2 0.49453125 0.1453125 0.5703125 0.1375
2 0.490625 0.0859375 0.575 0.140625
2 0.47890625 0.040625 0.5796875 0.08125
2 0.83125 0.03203125 0.1796875 0.059375
2 0.8296875 0.0609375 0.1828125 0.0671875
2 0.8359375 0.09375 0.1640625 0.06875
2 0.83515625 0.1296875 0.1625 0.071875
2 0.8390625 0.1609375 0.153125 0.05859375
2 0.8296875 0.215625 0.16171875 0.05859375
2 0.83125 0.1859375 0.15859375 0.059375