2 0.5421875 0.9328125 0.628125 0.134375
2 0.553125 0.8734375 0.6328125 0.14140625
2 0.5484375 0.815625 0.6265625 0.1390625
2 0.54609375 0.7609375 0.62578125 0.128125
2 0.5515625 0.6953125 0.621875 0.128125
2 0.55546875 0.6390625 0.62109375 0.11953125
2 0.54765625 0.575 0.621875 0.12109375
2 0.54453125 0.50859375 0.6015625 0.128125
2 0.55234375 0.45703125 0.59375 0.10390625
2 0.54609375 0.40234375 0.590625 0.12421875
2 0.5546875 0.340625 0.59921875 0.11484375
2 0.565625 0.278125 0.6125 0.12265625
2 0.5640625 0.22109375 0.60703125 0.11171875
2 0.56328125 0.1609375 0.59609375 0.11875
2 0.55703125 0.096875 0.6109375 0.11640625
2 0.58671875 0.05 0.615625 0.1
2 0.16640625 0.57578125 0.196875 0.059375
2 0.1703125 0.5453125 0.18125 0.05078125
2 0.16953125 0.5203125 0.19296875 0.0546875
2 0.171875 0.49140625 0.196875 0.0515625
2 0.1734375 0.46171875 0.1890625 0.05390625
2 0.18359375 0.4359375 0.178125 0.05078125
2 0.1875 0.409375 0.18125 0.0578125
2 0.1875 0.3765625 0.18125 0.0609375
2 0.1875 0.34375 0.17734375 0.0625
2 0.18984375 0.315625 0.18203125 0.05703125
2 0.1953125 0.28671875 0.18828125 0.05
2 0.1921875 0.25703125 0.18828125 0.05390625