2 0.690625 0.83828125 0.534375 0.26328125
2 0.671875 0.79453125 0.53828125 0.2640625
2 0.66171875 0.7484375 0.54609375 0.2875
2 0.63828125 0.68984375 0.5375 0.2921875
2 0.62578125 0.63046875 0.5296875 0.2734375
2 0.61015625 0.58125 0.534375 0.28203125
2 0.584375 0.52421875 0.53203125 0.27578125
2 0.565625 0.475 0.534375 0.2625
2 0.55625 0.425 0.525 0.26796875
2 0.528125 0.3671875 0.4890625 0.2421875
2 0.52265625 0.315625 0.50625 0.25234375
2 0.5078125 0.26875 0.51171875 0.2421875
2 0.4765625 0.22265625 0.4984375 0.25
2 0.45 0.1703125 0.50625 0.26015625
2 0.4390625 0.12421875 0.50546875 0.2328125
2 0.42578125 0.0953125 0.5140625 0.190625
2 0.3328125 0.0765625 0.3734375 0.15234375
2 0.26015625 0.05234375 0.2640625 0.1046875
2 0.75703125 0.0578125 0.16171875 0.09140625
2 0.76015625 0.08359375 0.165625 0.09140625
2 0.7703125 0.103125 0.17578125 0.09765625
2 0.78515625 0.13046875 0.165625 0.09296875
2 0.80078125 0.15234375 0.1546875 0.08515625
2 0.80546875 0.18046875 0.14453125 0.08671875
2 0.8140625 0.2015625 0.15 0.090625
2 0.82890625 0.22265625 0.1578125 0.0921875
2 0.84140625 0.24609375 0.15859375 0.0890625
2 0.84765625 0.27109375 0.16484375 0.09296875
2 0.85234375 0.2953125 0.1609375 0.09140625
2 0.8625 0.321875 0.16640625 0.08828125