2 0.4203125 0.021875 0.59609375 0.04375
2 0.428125 0.04140625 0.59921875 0.08203125
2 0.41796875 0.084375 0.59453125 0.096875
2 0.4234375 0.13125 0.60625 0.09921875
2 0.44296875 0.17578125 0.60078125 0.09609375
2 0.4421875 0.22578125 0.590625 0.08828125
2 0.44140625 0.27109375 0.59609375 0.078125
2 0.4375 0.31484375 0.596875 0.078125
2 0.44921875 0.36015625 0.5890625 0.07734375
2 0.4578125 0.40390625 0.59140625 0.0734375
2 0.45234375 0.45234375 0.59609375 0.0796875
2 0.459375 0.490625 0.5921875 0.08359375
2 0.45859375 0.53515625 0.60390625 0.08515625
2 0.45 0.58671875 0.6078125 0.08125
2 0.45390625 0.63125 0.60546875 0.08671875
2 0.4578125 0.68046875 0.60390625 0.0828125
2 0.4609375 0.7265625 0.6 0.08984375
2 0.4578125 0.778125 0.60703125 0.0890625
2 0.4578125 0.8296875 0.61484375 0.0921875
2 0.4515625 0.8765625 0.61328125 0.09140625
2 0.45546875 0.921875 0.61171875 0.0953125
2 0.459375 0.959375 0.60703125 0.08125
2 0.4578125 0.98203125 0.603125 0.0359375
2 0.8078125 0.3015625 0.18359375 0.040625
2 0.803125 0.321875 0.18515625 0.0375
2 0.81484375 0.34453125 0.1734375 0.03515625
2 0.8125 0.36484375 0.17265625 0.0375
2 0.81953125 0.390625 0.16171875 0.0375
2 0.815625 0.4125 0.1703125 0.03984375
2 0.81875 0.43515625 0.1765625 0.0390625
2 0.828125 0.45546875 0.1890625 0.03828125
2 0.83203125 0.47578125 0.19140625 0.03828125
2 0.83125 0.4953125 0.1875 0.03984375
2 0.83125 0.51953125 0.178125 0.03828125
2 0.8265625 0.540625 0.1859375 0.0375
2 0.8328125 0.55625 0.20546875 0.02578125