2 0.575 0.0375 0.61015625 0.07421875
2 0.57109375 0.06953125 0.5796875 0.13828125
2 0.56875 0.1078125 0.57890625 0.16796875
2 0.57578125 0.18125 0.5765625 0.1671875
2 0.5609375 0.2453125 0.58046875 0.17734375
2 0.5484375 0.30859375 0.584375 0.175
2 0.5296875 0.36953125 0.57890625 0.184375
2 0.528125 0.50546875 0.5875 0.178125
2 0.5171875 0.56484375 0.57734375 0.171875
2 0.50703125 0.63046875 0.5828125 0.17109375
2 0.49765625 0.68515625 0.5890625 0.178125
2 0.4765625 0.75625 0.59375 0.17578125
2 0.46875 0.825 0.59140625 0.1765625
2 0.4578125 0.8875 0.59375 0.16953125
2 0.4484375 0.93984375 0.59609375 0.1203125
2 0.3296875 0.96328125 0.39375 0.0734375
2 0.8859375 0.4125 0.1859375 0.07578125
2 0.88046875 0.4484375 0.17890625 0.075
2 0.87890625 0.47890625 0.175 0.07109375
2 0.8765625 0.51015625 0.165625 0.07890625
2 0.8765625 0.54375 0.1546875 0.07578125
2 0.8671875 0.578125 0.1625 0.0671875
2 0.865625 0.6078125 0.1625 0.07109375
2 0.86640625 0.63671875 0.18125 0.07109375
2 0.8625 0.6671875 0.1828125 0.07890625
2 0.8578125 0.69375 0.1890625 0.075
2 0.8546875 0.72578125 0.175 0.07265625
2 0.84921875 0.75703125 0.17421875 0.08046875