2 0.57734375 0.1234375 0.8453125 0.09375
2 0.575 0.1734375 0.85 0.0921875
2 0.57734375 0.21171875 0.8453125 0.0890625
2 0.571875 0.24765625 0.85625 0.103125
2 0.571875 0.275 0.85546875 0.1078125
2 0.56640625 0.30234375 0.86640625 0.1203125
2 0.5640625 0.34296875 0.871875 0.12734375
2 0.5625 0.36953125 0.87421875 0.13671875
2 0.55546875 0.39453125 0.8890625 0.15
2 0.5578125 0.42265625 0.884375 0.1546875
2 0.553125 0.45546875 0.89375 0.16796875
2 0.5734375 0.48125 0.853125 0.17890625
2 0.546875 0.52265625 0.90546875 0.2359375
2 0.54453125 0.534375 0.9109375 0.209375
2 0.54375 0.5609375 0.9125 0.2140625
2 0.54296875 0.5859375 0.91328125 0.21640625
2 0.5375 0.61171875 0.92421875 0.23203125
2 0.53828125 0.63984375 0.9234375 0.23828125
2 0.53515625 0.66484375 0.9296875 0.2578125
2 0.52734375 0.690625 0.9453125 0.253125
2 0.5234375 0.715625 0.953125 0.25625
2 0.5265625 0.7390625 0.946875 0.26953125
2 0.521875 0.7640625 0.95546875 0.26953125
2 0.51953125 0.7859375 0.9609375 0.2796875
2 0.52109375 0.8109375 0.9578125 0.2875
2 0.51875 0.8453125 0.9625 0.309375
2 0.2921875 0.86796875 0.53984375 0.2640625
2 0.28203125 0.871875 0.525 0.25546875
2 0.2875 0.89375 0.4078125 0.21171875
2 0.25546875 0.903125 0.38671875 0.19296875