2 0.53828125 0.1375 0.9234375 0.11484375
2 0.5421875 0.165625 0.91484375 0.10859375
2 0.5421875 0.19609375 0.91484375 0.078125
2 0.54375 0.2203125 0.91171875 0.07734375
2 0.54453125 0.2546875 0.90234375 0.06171875
2 0.54609375 0.28828125 0.9015625 0.06328125
2 0.54453125 0.31328125 0.8890625 0.0703125
2 0.54296875 0.33984375 0.88828125 0.08203125
2 0.54375 0.36640625 0.878125 0.0921875
2 0.54296875 0.39375 0.8671875 0.0859375
2 0.54296875 0.42109375 0.875 0.09765625
2 0.52109375 0.434375 0.83125 0.12734375
2 0.54375 0.4546875 0.859375 0.13515625
2 0.54296875 0.47890625 0.85703125 0.14921875
2 0.5421875 0.503125 0.853125 0.15234375
2 0.5421875 0.525 0.84296875 0.16484375
2 0.540625 0.54609375 0.83515625 0.17265625
2 0.54296875 0.56328125 0.828125 0.18046875
2 0.54453125 0.584375 0.8328125 0.19140625
2 0.5421875 0.60546875 0.82109375 0.2015625
2 0.54140625 0.61640625 0.81796875 0.22578125
2 0.540625 0.640625 0.80625 0.2140625
2 0.540625 0.66171875 0.8015625 0.22421875
2 0.54140625 0.6796875 0.7984375 0.23203125
2 0.540625 0.7015625 0.7953125 0.24609375
2 0.5390625 0.73359375 0.784375 0.24921875
2 0.53984375 0.75703125 0.77734375 0.25078125
2 0.5390625 0.76484375 0.775 0.26484375
2 0.5109375 0.78359375 0.7125 0.275
2 0.51953125 0.80078125 0.72421875 0.2796875