2 0.26875 0.11796875 0.51875 0.2359375
2 0.39921875 0.13125 0.7484375 0.26171875
2 0.4484375 0.14765625 0.82578125 0.2953125
2 0.45546875 0.16640625 0.82578125 0.31640625
2 0.46015625 0.190625 0.81640625 0.3109375
2 0.47734375 0.21953125 0.81640625 0.29609375
2 0.47734375 0.2421875 0.79765625 0.29453125
2 0.48515625 0.27109375 0.79296875 0.2796875
2 0.49296875 0.2953125 0.79765625 0.2796875
2 0.5015625 0.32421875 0.784375 0.27109375
2 0.50390625 0.353125 0.775 0.28359375
2 0.50078125 0.3890625 0.75 0.28203125
2 0.52421875 0.40390625 0.778125 0.30703125
2 0.53203125 0.43671875 0.76640625 0.31328125
2 0.5359375 0.46640625 0.76328125 0.325
2 0.54765625 0.49375 0.76171875 0.32578125
2 0.55078125 0.528125 0.75 0.3453125
2 0.5640625 0.56875 0.74375 0.38046875
2 0.57109375 0.60859375 0.74296875 0.36640625
2 0.57890625 0.6390625 0.7390625 0.37578125
2 0.584375 0.665625 0.734375 0.384375
2 0.59296875 0.69453125 0.7265625 0.39453125
2 0.5984375 0.71796875 0.72734375 0.39375
2 0.6125 0.77109375 0.721875 0.4140625
2 0.62265625 0.80078125 0.7140625 0.3984375
2 0.4546875 0.89140625 0.36328125 0.2171875
2 0.44375 0.90078125 0.325 0.1984375
2 0.43359375 0.91015625 0.28984375 0.17890625