0 0.5 0.32421875 1 0.1546875
0 0.4765625 0.41875 0.9078125 0.046875
0 0.49296875 0.46328125 0.86796875 0.05078125
0 0.48203125 0.49375 0.78515625 0.04140625
0 0.465625 0.52265625 0.75 0.0328125
0 0.484375 0.546875 0.69609375 0.03046875
0 0.4953125 0.5734375 0.66328125 0.034375
1 0.90625 0.36796875 0.0671875 0.021875
1 0.86484375 0.415625 0.06875 0.01953125
1 0.85625 0.45703125 0.0671875 0.01640625
1 0.8125 0.48828125 0.053125 0.01640625
1 0.7828125 0.5234375 0.05703125 0.01484375
1 0.78671875 0.54453125 0.0515625 0.0140625
1 0.78203125 0.56875 0.0453125 0.0125