0 0.5 0.7984375 1 0.20859375
0 0.46484375 0.6828125 0.90859375 0.0703125
0 0.49453125 0.5109375 0.696875 0.065625
0 0.47734375 0.540625 0.74296875 0.06640625
0 0.45859375 0.56484375 0.7859375 0.0625
0 0.45859375 0.6109375 0.821875 0.05078125
0 0.4671875 0.65234375 0.8984375 0.07109375
1 0.89296875 0.75859375 0.1 0.04453125
1 0.85703125 0.70078125 0.0953125 0.0328125
1 0.8546875 0.65390625 0.0828125 0.02265625
1 0.8171875 0.6171875 0.08125 0.025
1 0.79609375 0.57890625 0.0828125 0.02109375
1 0.79140625 0.55390625 0.07421875 0.0171875
1 0.8 0.5265625 0.06875 0.0203125