0 0.58359375 0.13203125 0.8328125 0.2640625
0 0.60859375 0.271875 0.7828125 0.13984375
0 0.59453125 0.359375 0.7515625 0.14296875
0 0.60390625 0.42265625 0.69609375 0.11875
0 0.609375 0.4875 0.64921875 0.08671875
0 0.59296875 0.53046875 0.5921875 0.09609375
0 0.57734375 0.5859375 0.5609375 0.0890625
1 0.24453125 0.146875 0.0703125 0.0515625
1 0.2765625 0.24375 0.06875 0.0421875
1 0.28125 0.328125 0.07109375 0.0390625
1 0.3140625 0.39375 0.053125 0.03671875
1 0.3375 0.465625 0.05703125 0.0328125
1 0.3328125 0.5046875 0.05625 0.0359375
1 0.3359375 0.55703125 0.046875 0.034375