2 0.21328125 0.0875 0.1734375 0.0921875
2 0.215625 0.13046875 0.178125 0.08125
2 0.21640625 0.17265625 0.1796875 0.075
2 0.21796875 0.21640625 0.1828125 0.06875
2 0.221875 0.2671875 0.18515625 0.0578125
2 0.22734375 0.309375 0.1859375 0.05546875
2 0.22890625 0.35546875 0.1765625 0.05390625
2 0.225 0.39765625 0.2 0.053125
2 0.2328125 0.43828125 0.2 0.06015625
2 0.23828125 0.4890625 0.1953125 0.07578125
2 0.2375 0.53828125 0.18984375 0.0875
2 0.2421875 0.5890625 0.19609375 0.0921875
2 0.2484375 0.6390625 0.20703125 0.09765625
2 0.24453125 0.6875 0.20625 0.10078125
2 0.25 0.7453125 0.2109375 0.11875
2 0.2515625 0.7984375 0.2125 0.12421875
2 0.2578125 0.853125 0.23125 0.14296875
2 0.2578125 0.91328125 0.2296875 0.1578125
2 0.2625 0.94140625 0.2359375 0.11640625
2 0.4078125 0.08984375 0.24140625 0.109375
2 0.4109375 0.125 0.23359375 0.09296875
2 0.4140625 0.16171875 0.23515625 0.07734375
2 0.42578125 0.196875 0.2296875 0.07890625
2 0.4265625 0.23359375 0.23984375 0.0796875
2 0.4296875 0.26796875 0.23515625 0.0640625
2 0.434375 0.30625 0.24921875 0.0625
2 0.4421875 0.34296875 0.2484375 0.0578125
2 0.44296875 0.384375 0.246875 0.05234375
2 0.4515625 0.4265625 0.2453125 0.06640625
2 0.45234375 0.46328125 0.240625 0.07890625
2 0.45859375 0.50078125 0.2421875 0.10234375
2 0.45859375 0.5390625 0.24765625 0.1078125
2 0.46796875 0.58515625 0.2578125 0.1234375
2 0.46484375 0.62421875 0.2578125 0.13359375
2 0.47109375 0.66484375 0.2671875 0.14140625
2 0.478125 0.709375 0.265625 0.15546875
2 0.48203125 0.753125 0.26015625 0.1609375
2 0.4953125 0.8015625 0.2609375 0.18125
2 0.49921875 0.84140625 0.2640625 0.2
2 0.5109375 0.8890625 0.26796875 0.19765625
2 0.51484375 0.91171875 0.24921875 0.15078125
2 0.5984375 0.15234375 0.146875 0.065625
2 0.596875 0.1765625 0.159375 0.065625
2 0.60078125 0.20546875 0.1546875 0.065625
2 0.60546875 0.2296875 0.15546875 0.0609375
2 0.61171875 0.259375 0.1546875 0.05703125
2 0.615625 0.2921875 0.16171875 0.053125
2 0.62109375 0.32265625 0.15078125 0.0453125
2 0.62421875 0.35078125 0.1578125 0.04375
2 0.63125 0.3828125 0.15390625 0.03828125
2 0.63359375 0.415625 0.15546875 0.05
2 0.63984375 0.44765625 0.1640625 0.0578125
2 0.64765625 0.47734375 0.165625 0.06484375
2 0.6515625 0.50859375 0.165625 0.0734375
2 0.66015625 0.5421875 0.17109375 0.08984375
2 0.66328125 0.57578125 0.1640625 0.09296875
2 0.6703125 0.6078125 0.16640625 0.10234375
2 0.67578125 0.64296875 0.1734375 0.11328125
2 0.67890625 0.6765625 0.1609375 0.11171875
2 0.68515625 0.7109375 0.16640625 0.1171875
2 0.68984375 0.7515625 0.165625 0.13046875
2 0.69453125 0.78359375 0.16875 0.140625
2 0.70234375 0.8234375 0.15625 0.14609375
2 0.72109375 0.190625 0.10703125 0.04609375
2 0.725 0.2140625 0.1140625 0.046875
2 0.72578125 0.23515625 0.1171875 0.04296875
2 0.73203125 0.2578125 0.1140625 0.04375
2 0.734375 0.27890625 0.11328125 0.04140625
2 0.74140625 0.303125 0.11484375 0.03984375
2 0.7453125 0.33203125 0.11953125 0.03203125
2 0.75234375 0.35390625 0.1109375 0.03203125
2 0.75625 0.37890625 0.1140625 0.0296875
2 0.759375 0.40234375 0.115625 0.0265625
2 0.76484375 0.4296875 0.109375 0.03515625
2 0.76953125 0.4515625 0.1125 0.0453125
2 0.77265625 0.48203125 0.1125 0.05703125
2 0.77890625 0.50703125 0.10859375 0.0625
2 0.78359375 0.53359375 0.1078125 0.05625
2 0.7890625 0.559375 0.10546875 0.059375
2 0.7921875 0.584375 0.10859375 0.05859375
2 0.80078125 0.6109375 0.103125 0.07265625
2 0.80390625 0.63828125 0.1171875 0.07734375
2 0.80859375 0.6796875 0.1140625 0.1015625
2 0.8109375 0.70078125 0.1125 0.08046875
2 0.81796875 0.7234375 0.10390625 0.09296875
2 0.80390625 0.23515625 0.06640625 0.03984375
2 0.8078125 0.25078125 0.071875 0.04140625
2 0.81015625 0.27109375 0.07109375 0.03828125
2 0.81171875 0.2921875 0.07265625 0.04296875
2 0.81640625 0.309375 0.07578125 0.0421875
2 0.821875 0.3296875 0.07109375 0.04453125
2 0.8265625 0.3484375 0.0734375 0.03671875
2 0.83515625 0.36796875 0.0765625 0.03828125
2 0.83828125 0.38828125 0.07578125 0.03828125
2 0.84140625 0.40546875 0.07421875 0.0390625
2 0.84453125 0.4265625 0.075 0.04140625
2 0.846875 0.44765625 0.07578125 0.046875
2 0.85078125 0.46796875 0.07421875 0.04609375
2 0.8546875 0.48671875 0.0796875 0.0484375
2 0.8578125 0.509375 0.078125 0.0515625
2 0.8640625 0.53359375 0.0796875 0.06015625
2 0.86484375 0.55390625 0.0796875 0.0546875
2 0.87109375 0.57734375 0.084375 0.06328125
2 0.87734375 0.6 0.08671875 0.07265625
2 0.88125 0.61796875 0.09765625 0.06796875
2 0.88828125 0.63984375 0.09765625 0.06875
2 0.8921875 0.66484375 0.0921875 0.0765625
2 0.8765625 0.24765625 0.09453125 0.04609375
2 0.878125 0.26328125 0.08984375 0.0484375
2 0.8796875 0.278125 0.08671875 0.04453125
2 0.88359375 0.29765625 0.084375 0.04140625
2 0.8859375 0.3109375 0.08828125 0.0375
2 0.8921875 0.33203125 0.0890625 0.0359375
2 0.90078125 0.3515625 0.0953125 0.0390625
2 0.90703125 0.36953125 0.09296875 0.03203125
2 0.90625 0.3859375 0.096875 0.0359375
2 0.91015625 0.40390625 0.09453125 0.040625
2 0.91015625 0.42265625 0.0875 0.03671875
2 0.91796875 0.4421875 0.0921875 0.046875
2 0.9203125 0.46015625 0.09296875 0.0484375
2 0.92109375 0.48046875 0.08046875 0.046875
2 0.9265625 0.4984375 0.0796875 0.05078125
2 0.93046875 0.51796875 0.08203125 0.053125
2 0.934375 0.5375 0.0796875 0.05390625
2 0.9375 0.55234375 0.078125 0.05859375
2 0.94609375 0.57265625 0.08125 0.0578125