2 0.125 0.02421875 0.25 0.04765625
2 0.11953125 0.0484375 0.2390625 0.09609375
2 0.12265625 0.071875 0.2390625 0.1328125
2 0.11953125 0.1109375 0.2390625 0.13203125
2 0.12109375 0.16171875 0.24140625 0.11171875
2 0.11171875 0.2046875 0.2234375 0.103125
2 0.1109375 0.24765625 0.221875 0.09453125
2 0.1125 0.28828125 0.215625 0.09140625
2 0.10859375 0.3296875 0.2171875 0.1
2 0.10703125 0.36875 0.2140625 0.0859375
2 0.11015625 0.40546875 0.2203125 0.07578125
2 0.10625 0.44765625 0.2125 0.0703125
2 0.10625 0.4859375 0.20625 0.0625
2 0.10703125 0.5203125 0.2046875 0.07734375
2 0.1078125 0.56796875 0.19375 0.06640625
2 0.11328125 0.59453125 0.2109375 0.06875
2 0.10546875 0.63203125 0.19921875 0.06953125
2 0.10390625 0.66796875 0.184375 0.071875
2 0.10546875 0.70078125 0.19296875 0.0828125
2 0.10078125 0.7359375 0.18359375 0.0703125
2 0.10078125 0.76875 0.18359375 0.08515625
2 0.10078125 0.79453125 0.18828125 0.07421875
2 0.39609375 0.08203125 0.30390625 0.1640625
2 0.39765625 0.11484375 0.29296875 0.16953125
2 0.38984375 0.1578125 0.29453125 0.14921875
2 0.371875 0.23515625 0.29140625 0.1296875
2 0.36796875 0.26484375 0.284375 0.11953125
2 0.36328125 0.30625 0.28671875 0.10703125
2 0.36171875 0.334375 0.28046875 0.096875
2 0.3640625 0.37109375 0.28125 0.0875
2 0.3546875 0.40234375 0.27578125 0.06953125
2 0.3578125 0.43359375 0.2734375 0.075
2 0.35234375 0.4640625 0.26796875 0.06328125
2 0.3453125 0.49609375 0.271875 0.05625
2 0.35 0.5234375 0.27265625 0.0546875
2 0.34140625 0.55625 0.27265625 0.05625
2 0.33671875 0.5875 0.271875 0.0625
2 0.3375 0.61484375 0.265625 0.06875
2 0.33046875 0.6484375 0.26640625 0.07734375
2 0.33046875 0.6703125 0.265625 0.07578125
2 0.32421875 0.7015625 0.2609375 0.08359375
2 0.31875 0.72890625 0.26171875 0.0828125
2 0.31796875 0.75390625 0.2546875 0.09140625
2 0.61796875 0.1734375 0.178125 0.11640625
2 0.61640625 0.2015625 0.1828125 0.1109375
2 0.60859375 0.23359375 0.17734375 0.1015625
2 0.6 0.2625 0.1734375 0.08828125
2 0.5984375 0.2875 0.17578125 0.08515625
2 0.5953125 0.315625 0.17890625 0.0796875
2 0.590625 0.34296875 0.17578125 0.0796875
2 0.584375 0.36875 0.175 0.0671875
2 0.5828125 0.39609375 0.16875 0.06015625
2 0.5734375 0.42265625 0.17109375 0.053125
2 0.56796875 0.4484375 0.17578125 0.04765625
2 0.56484375 0.46953125 0.17421875 0.04453125
2 0.56171875 0.49765625 0.175 0.04375
2 0.55859375 0.52421875 0.17578125 0.04140625
2 0.553125 0.54921875 0.1765625 0.03984375
2 0.546875 0.5671875 0.1734375 0.04453125
2 0.54296875 0.5953125 0.178125 0.05390625
2 0.53828125 0.61875 0.17109375 0.053125
2 0.534375 0.6421875 0.17265625 0.05859375
2 0.528125 0.665625 0.1734375 0.059375
2 0.52734375 0.68671875 0.1734375 0.06875
2 0.5234375 0.70703125 0.1734375 0.065625
2 0.7484375 0.24453125 0.11328125 0.06640625
2 0.7453125 0.26796875 0.11875 0.0671875
2 0.7375 0.28984375 0.121875 0.06328125
2 0.73203125 0.31171875 0.121875 0.0671875
2 0.72890625 0.33828125 0.121875 0.06015625
2 0.72421875 0.359375 0.12421875 0.05390625
2 0.7203125 0.37890625 0.12265625 0.053125
2 0.71875 0.40078125 0.121875 0.05390625
2 0.71171875 0.41953125 0.12578125 0.046875
2 0.70859375 0.440625 0.11953125 0.04375
2 0.70625 0.4609375 0.1203125 0.04140625
2 0.703125 0.48203125 0.12109375 0.03359375
2 0.7 0.50234375 0.12265625 0.02890625
2 0.696875 0.52265625 0.121875 0.02578125
2 0.6921875 0.54140625 0.11875 0.0265625
2 0.6875 0.56171875 0.1234375 0.02421875
2 0.68359375 0.578125 0.121875 0.0203125
2 0.68125 0.5984375 0.128125 0.03125
2 0.67578125 0.61796875 0.125 0.034375
2 0.6671875 0.6375 0.128125 0.0421875
2 0.66328125 0.65546875 0.128125 0.040625
2 0.66171875 0.67265625 0.128125 0.04296875
2 0.83359375 0.29140625 0.08359375 0.053125
2 0.828125 0.31171875 0.090625 0.05234375
2 0.8234375 0.3265625 0.08828125 0.04921875
2 0.8203125 0.34765625 0.0859375 0.05
2 0.81640625 0.365625 0.0859375 0.0453125
2 0.8125 0.3828125 0.0828125 0.04296875
2 0.809375 0.4 0.08203125 0.04140625
2 0.80546875 0.415625 0.08046875 0.04375
2 0.80078125 0.434375 0.0796875 0.03671875
2 0.796875 0.4515625 0.0796875 0.034375
2 0.79296875 0.4640625 0.07890625 0.03671875
2 0.7890625 0.4796875 0.0765625 0.03359375
2 0.78671875 0.4953125 0.07890625 0.03125
2 0.7859375 0.5125 0.07578125 0.03046875
2 0.78046875 0.52578125 0.0765625 0.03125
2 0.77578125 0.5421875 0.07265625 0.028125
2 0.77265625 0.5578125 0.071875 0.028125
2 0.7671875 0.57421875 0.0734375 0.02578125
2 0.76328125 0.590625 0.075 0.02578125
2 0.7609375 0.60703125 0.075 0.02890625
2 0.7578125 0.61953125 0.07578125 0.03203125
2 0.753125 0.63359375 0.0765625 0.03359375
2 0.89296875 0.31171875 0.11015625 0.0578125
2 0.903125 0.33046875 0.08359375 0.053125
2 0.8984375 0.34609375 0.084375 0.053125
2 0.8953125 0.3625 0.0828125 0.04765625
2 0.89140625 0.3796875 0.084375 0.0484375
2 0.8859375 0.39453125 0.09140625 0.0421875
2 0.8828125 0.40703125 0.0890625 0.03984375
2 0.87734375 0.421875 0.08828125 0.040625
2 0.878125 0.4375 0.090625 0.03828125
2 0.8765625 0.453125 0.08984375 0.04140625
2 0.87109375 0.46875 0.0859375 0.0390625
2 0.86484375 0.48515625 0.08359375 0.0359375
2 0.86328125 0.496875 0.084375 0.028125
2 0.8640625 0.51015625 0.0921875 0.03046875
2 0.85390625 0.52421875 0.08671875 0.03359375
2 0.8515625 0.540625 0.0890625 0.02578125
2 0.84765625 0.55625 0.08671875 0.025
2 0.84375 0.57109375 0.0859375 0.02421875
2 0.8421875 0.58046875 0.0828125 0.0328125
2 0.8375 0.59609375 0.0859375 0.0328125
2 0.834375 0.60859375 0.0875 0.03515625
2 0.83515625 0.62265625 0.08828125 0.03359375
2 0.953125 0.34296875 0.03515625 0.03203125
2 0.9515625 0.3578125 0.03671875 0.0328125
2 0.95078125 0.36953125 0.04140625 0.03359375
2 0.946875 0.3828125 0.04453125 0.03671875
2 0.94453125 0.396875 0.05234375 0.034375
2 0.946875 0.41171875 0.0515625 0.03828125
2 0.9453125 0.42578125 0.05390625 0.03125
2 0.94296875 0.43828125 0.05546875 0.03125
2 0.94140625 0.45390625 0.05625 0.034375
2 0.93984375 0.46484375 0.0625 0.03515625
2 0.9375 0.47734375 0.065625 0.02734375
2 0.93359375 0.4890625 0.06953125 0.028125
2 0.9296875 0.5015625 0.06953125 0.0296875
2 0.92421875 0.51484375 0.0703125 0.021875
2 0.92109375 0.52734375 0.0671875 0.02578125
2 0.91796875 0.5390625 0.06484375 0.025
2 0.9140625 0.55078125 0.06640625 0.01796875
2 0.91015625 0.559375 0.06796875 0.02265625
2 0.909375 0.5734375 0.06875 0.0203125
2 0.90625 0.584375 0.071875 0.025
2 0.903125 0.596875 0.0703125 0.03125
2 0.89765625 0.60703125 0.071875 0.025
2 0.94765625 0.6015625 0.046875 0.021875
2 0.95 0.590625 0.04375 0.021875
2 0.9515625 0.578125 0.0390625 0.01875
2 0.95234375 0.56640625 0.03671875 0.01796875
2 0.95390625 0.55625 0.0328125 0.01640625
2 0.95546875 0.54609375 0.0296875 0.01875
2 0.95703125 0.53359375 0.0265625 0.01953125
2 0.95859375 0.5234375 0.02421875 0.01640625