2 0.84453125 0.0265625 0.1921875 0.053125
2 0.878125 0.04609375 0.240625 0.0921875
2 0.87734375 0.06875 0.2421875 0.12578125
2 0.87734375 0.109375 0.24375 0.12578125
2 0.87890625 0.1625 0.23984375 0.1
2 0.8859375 0.2 0.22578125 0.09453125
2 0.88671875 0.24375 0.225 0.08359375
2 0.88671875 0.2828125 0.225 0.07734375
2 0.88828125 0.32578125 0.2203125 0.07421875
2 0.884375 0.3671875 0.21171875 0.06484375
2 0.88671875 0.40703125 0.2203125 0.0609375
2 0.88828125 0.44609375 0.2140625 0.05234375
2 0.89140625 0.48671875 0.2109375 0.046875
2 0.890625 0.52421875 0.20859375 0.04453125
2 0.8921875 0.5609375 0.2 0.04375
2 0.89375 0.59609375 0.19453125 0.04453125
2 0.8921875 0.63125 0.20078125 0.05390625
2 0.8984375 0.66875 0.18984375 0.059375
2 0.90234375 0.69921875 0.18671875 0.065625
2 0.9 0.73359375 0.18984375 0.06328125
2 0.8984375 0.76640625 0.1859375 0.065625
2 0.8984375 0.79296875 0.1859375 0.071875
2 0.6078125 0.0796875 0.309375 0.159375
2 0.603125 0.11796875 0.2984375 0.1578125
2 0.61015625 0.1546875 0.29296875 0.1421875
2 0.62421875 0.19453125 0.3015625 0.13828125
2 0.625 0.23125 0.29296875 0.12265625
2 0.6390625 0.265625 0.29921875 0.1125
2 0.6359375 0.30234375 0.29375 0.1
2 0.63984375 0.334375 0.290625 0.09140625
2 0.6421875 0.36875 0.2859375 0.0828125
2 0.64375 0.396875 0.278125 0.075
2 0.64375 0.4265625 0.2765625 0.0671875
2 0.646875 0.459375 0.26953125 0.06015625
2 0.653125 0.49765625 0.26875 0.04375
2 0.65390625 0.528125 0.2671875 0.04453125
2 0.65859375 0.55859375 0.27421875 0.04765625
2 0.66015625 0.58671875 0.271875 0.04921875
2 0.6625 0.61484375 0.26953125 0.0625
2 0.66796875 0.64375 0.26640625 0.06875
2 0.671875 0.6703125 0.271875 0.07578125
2 0.67890625 0.70078125 0.2703125 0.08203125
2 0.68203125 0.73046875 0.27265625 0.090625
2 0.684375 0.7515625 0.2640625 0.0984375
2 0.3828125 0.175 0.178125 0.1078125
2 0.38203125 0.20234375 0.17890625 0.10703125
2 0.39140625 0.23203125 0.1828125 0.10234375
2 0.40078125 0.2609375 0.1765625 0.09296875
2 0.403125 0.2859375 0.18125 0.08359375
2 0.40625 0.315625 0.18203125 0.078125
2 0.4109375 0.3421875 0.17734375 0.0734375
2 0.415625 0.3671875 0.17734375 0.0671875
2 0.41953125 0.39609375 0.17578125 0.05859375
2 0.428125 0.42265625 0.1734375 0.05390625
2 0.434375 0.44609375 0.1796875 0.04921875
2 0.4375 0.46953125 0.178125 0.05
2 0.440625 0.5015625 0.1765625 0.04140625
2 0.4421875 0.52578125 0.17578125 0.0375
2 0.44921875 0.5484375 0.1796875 0.04296875
2 0.45234375 0.57109375 0.1765625 0.0484375
2 0.4578125 0.59375 0.1796875 0.0515625
2 0.46328125 0.6203125 0.178125 0.05390625
2 0.46640625 0.6390625 0.175 0.0640625
2 0.471875 0.66484375 0.17890625 0.06484375
2 0.47421875 0.68671875 0.175 0.06328125
2 0.478125 0.70546875 0.17578125 0.06640625
2 0.2515625 0.24375 0.1171875 0.06640625
2 0.25625 0.26875 0.12265625 0.065625
2 0.2640625 0.28984375 0.1234375 0.0609375
2 0.26796875 0.3109375 0.121875 0.0609375
2 0.26953125 0.33515625 0.11484375 0.05390625
2 0.275 0.3578125 0.121875 0.05
2 0.28046875 0.3765625 0.12265625 0.05078125
2 0.2828125 0.39921875 0.1265625 0.05
2 0.2890625 0.41796875 0.1296875 0.0484375
2 0.29375 0.4421875 0.128125 0.0453125
2 0.296875 0.46171875 0.128125 0.03984375
2 0.30078125 0.48046875 0.125 0.034375
2 0.30390625 0.50078125 0.12578125 0.03046875
2 0.30703125 0.52109375 0.12734375 0.02578125
2 0.3125 0.540625 0.1296875 0.02265625
2 0.3140625 0.5609375 0.1296875 0.0265625
2 0.31796875 0.5796875 0.125 0.0359375
2 0.3234375 0.6 0.1296875 0.0328125
2 0.32734375 0.61875 0.12890625 0.0375
2 0.33203125 0.63671875 0.13046875 0.04296875
2 0.33671875 0.6546875 0.12890625 0.04375
2 0.33984375 0.671875 0.12578125 0.04140625
2 0.165625 0.29296875 0.084375 0.053125
2 0.1703125 0.3109375 0.0875 0.05546875
2 0.1765625 0.3296875 0.0859375 0.04765625
2 0.18203125 0.34609375 0.0890625 0.053125
2 0.18359375 0.3640625 0.08515625 0.0515625
2 0.1890625 0.38125 0.0828125 0.0453125
2 0.19375 0.3984375 0.0828125 0.04375
2 0.196875 0.41640625 0.0828125 0.040625
2 0.20078125 0.434375 0.08125 0.0375
2 0.20390625 0.45 0.0796875 0.034375
2 0.20703125 0.46484375 0.078125 0.03359375
2 0.21171875 0.48125 0.078125 0.0328125
2 0.2140625 0.49609375 0.08125 0.03125
2 0.2171875 0.51171875 0.07890625 0.0265625
2 0.221875 0.52734375 0.0765625 0.0296875
2 0.22421875 0.54375 0.07421875 0.0234375
2 0.228125 0.55859375 0.07265625 0.025
2 0.23125 0.5734375 0.07578125 0.028125
2 0.23671875 0.58984375 0.07578125 0.025
2 0.23828125 0.603125 0.075 0.02890625
2 0.24296875 0.61875 0.0765625 0.03359375
2 0.246875 0.63359375 0.0765625 0.034375
2 0.10546875 0.30546875 0.10625 0.05078125
2 0.09375 0.31640625 0.07578125 0.04375
2 0.096875 0.328125 0.0796875 0.05390625
2 0.1 0.34453125 0.08046875 0.053125
2 0.1046875 0.36171875 0.08046875 0.04453125
2 0.1078125 0.37578125 0.08359375 0.05
2 0.1125 0.38984375 0.08515625 0.04296875
2 0.11640625 0.40546875 0.084375 0.03984375
2 0.1203125 0.41796875 0.08828125 0.04140625
2 0.1234375 0.43515625 0.08984375 0.0359375
2 0.12265625 0.45234375 0.08828125 0.0359375
2 0.12890625 0.4671875 0.08515625 0.0359375
2 0.13359375 0.484375 0.08203125 0.0265625
2 0.13671875 0.496875 0.08359375 0.0265625
2 0.14140625 0.5109375 0.08046875 0.02578125
2 0.14609375 0.525 0.084375 0.02265625
2 0.1484375 0.54140625 0.08359375 0.021875
2 0.1515625 0.55625 0.0828125 0.02421875
2 0.15546875 0.56953125 0.08125 0.02265625
2 0.1578125 0.58203125 0.08046875 0.02734375
2 0.1625 0.596875 0.0859375 0.03125
2 0.16640625 0.609375 0.0859375 0.03203125
2 0.16796875 0.621875 0.09765625 0.03203125
2 0.04609375 0.3421875 0.0328125 0.03203125
2 0.0484375 0.35546875 0.03671875 0.0328125
2 0.05078125 0.36875 0.0421875 0.03515625
2 0.0515625 0.38359375 0.04453125 0.03359375
2 0.05390625 0.396875 0.04921875 0.03515625
2 0.05390625 0.41171875 0.04921875 0.03515625
2 0.05546875 0.425 0.0515625 0.03046875
2 0.05703125 0.43984375 0.05546875 0.0296875
2 0.05859375 0.45234375 0.05703125 0.03359375
2 0.0609375 0.46328125 0.06328125 0.03125
2 0.0625 0.47734375 0.065625 0.028125
2 0.06484375 0.49140625 0.07109375 0.02578125
2 0.0703125 0.50234375 0.06640625 0.0234375
2 0.0765625 0.51484375 0.06796875 0.0203125
2 0.07734375 0.52734375 0.065625 0.0203125
2 0.0828125 0.53828125 0.06484375 0.01875
2 0.0859375 0.55 0.0625 0.02109375
2 0.08828125 0.56171875 0.06640625 0.0203125
2 0.0921875 0.575 0.06953125 0.0234375
2 0.090625 0.58671875 0.07421875 0.02578125
2 0.09765625 0.59609375 0.06875 0.0265625
2 0.0984375 0.6078125 0.065625 0.02890625
2 0.05 0.60078125 0.04453125 0.01953125
2 0.05 0.58984375 0.04296875 0.02109375
2 0.04921875 0.578125 0.03984375 0.01796875
2 0.0484375 0.5671875 0.03984375 0.01796875
2 0.0453125 0.55625 0.03203125 0.015625
2 0.04375 0.54609375 0.0296875 0.015625
2 0.0421875 0.534375 0.028125 0.01796875
2 0.040625 0.521875 0.021875 0.01875