2 0.0921875 0.03046875 0.18359375 0.06015625
2 0.09296875 0.05390625 0.1859375 0.10703125
2 0.09140625 0.09609375 0.18203125 0.109375
2 0.09609375 0.13984375 0.19140625 0.1015625
2 0.0859375 0.1875 0.171875 0.0953125
2 0.08515625 0.23203125 0.16953125 0.09140625
2 0.0875 0.2765625 0.175 0.08984375
2 0.0875 0.321875 0.175 0.090625
2 0.0875 0.3640625 0.175 0.08203125
2 0.0921875 0.40390625 0.18359375 0.075
2 0.08828125 0.44765625 0.1765625 0.0765625
2 0.0875 0.48984375 0.175 0.071875
2 0.08515625 0.52578125 0.16953125 0.05546875
2 0.08671875 0.5671875 0.1734375 0.04609375
2 0.084375 0.6109375 0.16796875 0.04765625
2 0.0859375 0.65 0.171875 0.053125
2 0.08359375 0.6859375 0.1671875 0.05546875
2 0.08125 0.71875 0.16171875 0.07578125
2 0.0828125 0.75859375 0.165625 0.0671875
2 0.08359375 0.79609375 0.1671875 0.06640625
2 0.08359375 0.83671875 0.1671875 0.0875
2 0.396875 0.06953125 0.375 0.13828125
2 0.39375 0.0921875 0.37265625 0.171875
2 0.3875 0.13671875 0.3765625 0.1546875
2 0.38203125 0.17578125 0.38125 0.1484375
2 0.3765625 0.21953125 0.3765625 0.13125
2 0.37421875 0.25546875 0.37109375 0.121875
2 0.36875 0.28984375 0.37109375 0.11484375
2 0.36484375 0.32890625 0.371875 0.09375
2 0.36875 0.36484375 0.36796875 0.0890625
2 0.36484375 0.39921875 0.36015625 0.08203125
2 0.365625 0.4296875 0.3578125 0.06875
2 0.36171875 0.46796875 0.35703125 0.05546875
2 0.35625 0.4984375 0.3625 0.04765625
2 0.35859375 0.53359375 0.36015625 0.0296875
2 0.3578125 0.56640625 0.3578125 0.03203125
2 0.35 0.60546875 0.35546875 0.0421875
2 0.35 0.634375 0.3515625 0.065625
2 0.35 0.66640625 0.35546875 0.0796875
2 0.34921875 0.69765625 0.35390625 0.0796875
2 0.34375 0.73046875 0.3515625 0.0875
2 0.3359375 0.76640625 0.35078125 0.09140625
2 0.3359375 0.7921875 0.3484375 0.11015625
2 0.6875 0.16171875 0.23671875 0.12265625
2 0.6875 0.1875 0.2484375 0.11796875
2 0.68671875 0.21875 0.24140625 0.11484375
2 0.67421875 0.24765625 0.23515625 0.0984375
2 0.66796875 0.27421875 0.24296875 0.08671875
2 0.6703125 0.3078125 0.240625 0.09453125
2 0.665625 0.33671875 0.240625 0.0875
2 0.66015625 0.3625 0.2359375 0.08125
2 0.65859375 0.3953125 0.23046875 0.07890625
2 0.65078125 0.4234375 0.2265625 0.0640625
2 0.64609375 0.4546875 0.2375 0.0609375
2 0.646875 0.47265625 0.2265625 0.0578125
2 0.64140625 0.50703125 0.234375 0.053125
2 0.64140625 0.53515625 0.23359375 0.0390625
2 0.6359375 0.56484375 0.23515625 0.0328125
2 0.634375 0.58984375 0.23046875 0.046875
2 0.62890625 0.61796875 0.2375 0.0515625
2 0.62265625 0.6421875 0.2359375 0.0578125
2 0.61875 0.66640625 0.2328125 0.0578125
2 0.615625 0.6953125 0.22890625 0.06953125
2 0.61328125 0.715625 0.23125 0.071875
2 0.61171875 0.7375 0.2265625 0.08046875
2 0.86171875 0.2328125 0.15625 0.07578125
2 0.86015625 0.2609375 0.15625 0.078125
2 0.85390625 0.2828125 0.1578125 0.078125
2 0.84921875 0.30546875 0.15625 0.078125
2 0.85 0.3328125 0.1484375 0.06015625
2 0.84609375 0.35859375 0.153125 0.05859375
2 0.840625 0.378125 0.15859375 0.0546875
2 0.83828125 0.40078125 0.15703125 0.05546875
2 0.83125 0.42109375 0.16484375 0.053125
2 0.82890625 0.44453125 0.1609375 0.04921875
2 0.828125 0.4671875 0.16015625 0.03984375
2 0.8265625 0.4859375 0.15546875 0.0390625
2 0.82421875 0.5109375 0.15625 0.03515625
2 0.825 0.53046875 0.15703125 0.03046875
2 0.815625 0.55546875 0.15546875 0.02421875
2 0.81484375 0.57578125 0.1625 0.0265625
2 0.81171875 0.596875 0.16171875 0.0359375
2 0.80625 0.6203125 0.1625 0.03828125
2 0.80078125 0.6421875 0.16171875 0.040625
2 0.79765625 0.6609375 0.1625 0.04609375
2 0.7953125 0.68046875 0.16484375 0.04375
2 0.7921875 0.7015625 0.1640625 0.04453125
2 0.96328125 0.2828125 0.0734375 0.04921875
2 0.959375 0.30234375 0.08125 0.0515625
2 0.95625 0.3203125 0.0875 0.05078125
2 0.95390625 0.33984375 0.0921875 0.05625
2 0.95546875 0.36015625 0.0890625 0.0546875
2 0.953125 0.3796875 0.09375 0.05
2 0.953125 0.40078125 0.09375 0.05
2 0.9515625 0.41875 0.096875 0.04609375
2 0.94921875 0.43671875 0.1015625 0.04140625
2 0.946875 0.45546875 0.1 0.040625
2 0.94453125 0.471875 0.09921875 0.03828125
2 0.94140625 0.4890625 0.09921875 0.034375
2 0.9390625 0.50390625 0.10234375 0.034375
2 0.9375 0.521875 0.1 0.03359375
2 0.934375 0.540625 0.0953125 0.03046875
2 0.92890625 0.55625 0.09375 0.0296875
2 0.92578125 0.57421875 0.09375 0.02734375
2 0.92265625 0.5921875 0.0953125 0.02890625
2 0.91796875 0.609375 0.09921875 0.02734375
2 0.91640625 0.62578125 0.0953125 0.0359375
2 0.9125 0.64140625 0.09609375 0.03984375
2 0.9109375 0.6578125 0.096875 0.0359375
2 0.97421875 0.65 0.0484375 0.0265625
2 0.97421875 0.634375 0.0484375 0.0265625
2 0.975 0.61953125 0.04765625 0.03046875
2 0.97734375 0.60234375 0.04296875 0.02578125
2 0.97890625 0.58828125 0.03984375 0.0265625
2 0.98046875 0.571875 0.0390625 0.028125
2 0.9828125 0.55390625 0.034375 0.02890625