2 0.1765625 0.02265625 0.1546875 0.0453125
2 0.121875 0.040625 0.24375 0.08125
2 0.121875 0.075 0.24375 0.11953125
2 0.115625 0.121875 0.23046875 0.115625
2 0.1140625 0.17265625 0.22734375 0.10703125
2 0.1109375 0.215625 0.221875 0.1
2 0.11171875 0.26640625 0.2234375 0.09140625
2 0.10859375 0.3078125 0.2171875 0.084375
2 0.1109375 0.34921875 0.22109375 0.084375
2 0.109375 0.3921875 0.21875 0.0703125
2 0.109375 0.4359375 0.21875 0.05859375
2 0.1046875 0.475 0.209375 0.05390625
2 0.10625 0.51640625 0.21171875 0.06015625
2 0.10703125 0.553125 0.2140625 0.06328125
2 0.10546875 0.59296875 0.20703125 0.06640625
2 0.10625 0.63515625 0.209375 0.07109375
2 0.10078125 0.66484375 0.2015625 0.0796875
2 0.09921875 0.7078125 0.19765625 0.07265625
2 0.0984375 0.74375 0.196875 0.0796875
2 0.09609375 0.77421875 0.1921875 0.0890625
2 0.47578125 0.03984375 0.178125 0.0796875
2 0.4125 0.05859375 0.2921875 0.1171875
2 0.39921875 0.0765625 0.2984375 0.15234375
2 0.38984375 0.11796875 0.30859375 0.15234375
2 0.38359375 0.153125 0.303125 0.1453125
2 0.378125 0.1953125 0.30078125 0.128125
2 0.37265625 0.23359375 0.2953125 0.121875
2 0.3703125 0.27109375 0.2953125 0.1046875
2 0.37109375 0.30625 0.28984375 0.09453125
2 0.365625 0.34375 0.284375 0.07890625
2 0.365625 0.37265625 0.28515625 0.0734375
2 0.35859375 0.41015625 0.2875 0.07109375
2 0.3578125 0.4453125 0.28359375 0.05859375
2 0.353125 0.47890625 0.2890625 0.0546875
2 0.3484375 0.51796875 0.2921875 0.0640625
2 0.34453125 0.54453125 0.28359375 0.075
2 0.34609375 0.58125 0.27734375 0.0734375
2 0.340625 0.61015625 0.27890625 0.078125
2 0.3359375 0.63671875 0.27578125 0.0859375
2 0.33125 0.66875 0.27734375 0.10390625
2 0.325 0.70859375 0.2796875 0.1046875
2 0.32265625 0.73203125 0.27265625 0.10625
2 0.6390625 0.09375 0.184375 0.12421875
2 0.6375 0.1234375 0.1875 0.115625
2 0.6296875 0.153125 0.18203125 0.1046875
2 0.6203125 0.18671875 0.18125 0.096875
2 0.61796875 0.215625 0.18125 0.09296875
2 0.61484375 0.24609375 0.18671875 0.08828125
2 0.60625 0.2765625 0.18515625 0.0890625
2 0.6046875 0.30625 0.18203125 0.07421875
2 0.59921875 0.334375 0.178125 0.065625
2 0.59140625 0.3625 0.17734375 0.06484375
2 0.58515625 0.39375 0.18359375 0.05625
2 0.584375 0.4171875 0.17734375 0.0546875
2 0.57890625 0.45 0.18359375 0.04921875
2 0.57578125 0.47734375 0.18203125 0.0484375
2 0.56953125 0.50078125 0.18046875 0.05234375
2 0.5640625 0.52890625 0.18125 0.05234375
2 0.56171875 0.55625 0.18203125 0.06015625
2 0.55625 0.58125 0.18203125 0.0578125
2 0.55078125 0.60703125 0.18125 0.06328125
2 0.54453125 0.6328125 0.18046875 0.071875
2 0.5421875 0.65625 0.18046875 0.0765625
2 0.53828125 0.678125 0.18046875 0.07734375
2 0.7734375 0.1640625 0.121875 0.08046875
2 0.77109375 0.190625 0.12421875 0.07578125
2 0.7625 0.21640625 0.1265625 0.07265625
2 0.75859375 0.24140625 0.12109375 0.0703125
2 0.75625 0.26640625 0.11953125 0.06484375
2 0.753125 0.290625 0.1234375 0.0578125
2 0.74921875 0.315625 0.1203125 0.04921875
2 0.74375 0.3375 0.1234375 0.053125
2 0.73984375 0.3578125 0.12421875 0.0484375
2 0.73359375 0.38125 0.12578125 0.053125
2 0.7296875 0.4078125 0.125 0.03828125
2 0.7265625 0.428125 0.125 0.03671875
2 0.7234375 0.45078125 0.125 0.03359375
2 0.72109375 0.475 0.13203125 0.0234375
2 0.715625 0.496875 0.12578125 0.02890625
2 0.7109375 0.51640625 0.12890625 0.02265625
2 0.7078125 0.53984375 0.13046875 0.034375
2 0.7015625 0.56015625 0.12890625 0.03359375
2 0.6984375 0.57890625 0.13203125 0.0375
2 0.690625 0.60234375 0.1359375 0.040625
2 0.6875 0.61875 0.13125 0.04375
2 0.684375 0.64296875 0.128125 0.05234375
2 0.86328125 0.2203125 0.084375 0.05625
2 0.85859375 0.2375 0.0875 0.0609375
2 0.8515625 0.26015625 0.08828125 0.05234375
2 0.85078125 0.2796875 0.0875 0.0515625
2 0.846875 0.2984375 0.08203125 0.04921875
2 0.83984375 0.31796875 0.0828125 0.0515625
2 0.8375 0.3390625 0.08125 0.04453125
2 0.8328125 0.35625 0.0828125 0.04140625
2 0.82890625 0.3734375 0.07890625 0.046875
2 0.825 0.39296875 0.078125 0.04140625
2 0.8203125 0.409375 0.07890625 0.04296875
2 0.81796875 0.42734375 0.0765625 0.03515625
2 0.8140625 0.44609375 0.078125 0.03046875
2 0.8125 0.46171875 0.07890625 0.03046875
2 0.80625 0.48046875 0.0765625 0.03359375
2 0.803125 0.4984375 0.07578125 0.02890625
2 0.79921875 0.5140625 0.075 0.02890625
2 0.79453125 0.53203125 0.07578125 0.034375
2 0.7890625 0.54609375 0.07734375 0.03828125
2 0.7875 0.56484375 0.0765625 0.0328125
2 0.78359375 0.58203125 0.075 0.034375
2 0.78046875 0.59765625 0.07890625 0.040625
2 0.928125 0.240625 0.11171875 0.06328125
2 0.93671875 0.25703125 0.0875 0.065625
2 0.93125 0.27734375 0.08828125 0.06171875
2 0.928125 0.2953125 0.0875 0.0609375
2 0.92109375 0.31640625 0.0890625 0.05390625
2 0.91953125 0.33046875 0.09140625 0.05078125
2 0.91484375 0.34609375 0.09375 0.04375
2 0.909375 0.365625 0.09140625 0.03984375
2 0.9078125 0.38125 0.09453125 0.04921875
2 0.90859375 0.3984375 0.09375 0.04375
2 0.90390625 0.415625 0.0875 0.04140625
2 0.8984375 0.43046875 0.08515625 0.03515625
2 0.89609375 0.4484375 0.0875 0.034375
2 0.88515625 0.46171875 0.0875 0.03203125
2 0.8828125 0.478125 0.09140625 0.028125
2 0.88046875 0.49453125 0.08828125 0.03125
2 0.87890625 0.5109375 0.08671875 0.0328125
2 0.875 0.52734375 0.08359375 0.02890625
2 0.87109375 0.54140625 0.084375 0.0328125
2 0.86796875 0.5546875 0.08984375 0.03515625
2 0.8625 0.56953125 0.090625 0.0390625
2 0.865625 0.58515625 0.09375 0.040625
2 0.98359375 0.2734375 0.0328125 0.034375
2 0.98125 0.2875 0.0375 0.03515625
2 0.97734375 0.3015625 0.0453125 0.0390625
2 0.97890625 0.31875 0.0421875 0.0375
2 0.9765625 0.334375 0.046875 0.0390625
2 0.97578125 0.3515625 0.0484375 0.040625
2 0.9734375 0.365625 0.053125 0.034375
2 0.97265625 0.3796875 0.0546875 0.03515625
2 0.97265625 0.39453125 0.05390625 0.03515625
2 0.971875 0.4109375 0.05625 0.0328125
2 0.96953125 0.4234375 0.0609375 0.03125
2 0.96953125 0.4375 0.0609375 0.0328125
2 0.9640625 0.45234375 0.07109375 0.02734375
2 0.96015625 0.465625 0.065625 0.02734375
2 0.95625 0.47890625 0.06875 0.02734375
2 0.95234375 0.49296875 0.0671875 0.02109375
2 0.9484375 0.50390625 0.0671875 0.02109375
2 0.94375 0.51796875 0.071875 0.02109375
2 0.940625 0.5328125 0.0734375 0.02734375
2 0.9390625 0.546875 0.0734375 0.03046875
2 0.934375 0.55703125 0.06953125 0.03203125
2 0.93671875 0.56953125 0.0765625 0.03046875
2 0.98046875 0.5625 0.0390625 0.02578125
2 0.98125 0.5515625 0.0375 0.02265625
2 0.9828125 0.53515625 0.034375 0.0234375
2 0.984375 0.52265625 0.03125 0.021875
2 0.98515625 0.51328125 0.02890625 0.0203125
2 0.9875 0.4984375 0.025 0.01953125
2 0.9890625 0.48671875 0.02109375 0.02109375
2 0.99140625 0.47421875 0.0171875 0.0171875
2 0.99296875 0.46171875 0.0140625 0.0171875