2 0.87265625 0.021875 0.2546875 0.04375
2 0.87578125 0.0515625 0.2484375 0.10234375
2 0.88359375 0.0796875 0.23203125 0.1484375
2 0.88203125 0.12578125 0.23203125 0.1265625
2 0.8828125 0.1765625 0.23046875 0.1171875
2 0.8859375 0.23046875 0.225 0.11953125
2 0.8859375 0.27421875 0.225 0.1015625
2 0.8859375 0.31484375 0.225 0.10859375
2 0.884375 0.3609375 0.23046875 0.06796875
2 0.88984375 0.4078125 0.2203125 0.059375
2 0.890625 0.45078125 0.2140625 0.0515625
2 0.88984375 0.50078125 0.21328125 0.06328125
2 0.8875 0.53359375 0.2109375 0.0640625
2 0.8890625 0.5765625 0.20859375 0.06171875
2 0.89296875 0.62265625 0.2 0.06328125
2 0.89609375 0.66171875 0.19296875 0.06875
2 0.89609375 0.70078125 0.19296875 0.07109375
2 0.8984375 0.7390625 0.18671875 0.0796875
2 0.89609375 0.775 0.1890625 0.07578125
2 0.4734375 0.01328125 0.078125 0.0265625
2 0.5234375 0.034375 0.171875 0.06875
2 0.58984375 0.05625 0.284375 0.11171875
2 0.60625 0.0734375 0.2984375 0.146875
2 0.6109375 0.11484375 0.29765625 0.14765625
2 0.62265625 0.15390625 0.3078125 0.134375
2 0.625 0.1984375 0.2953125 0.12109375
2 0.62578125 0.23359375 0.2890625 0.10625
2 0.628125 0.2734375 0.29375 0.09375
2 0.63203125 0.3109375 0.28203125 0.078125
2 0.634375 0.34609375 0.284375 0.0890625
2 0.640625 0.38046875 0.2859375 0.06484375
2 0.64296875 0.4171875 0.27890625 0.05390625
2 0.64296875 0.45546875 0.28515625 0.0484375
2 0.65234375 0.4984375 0.28203125 0.05390625
2 0.65390625 0.53046875 0.28203125 0.07265625
2 0.653125 0.56484375 0.27734375 0.08046875
2 0.6578125 0.59609375 0.275 0.08125
2 0.66171875 0.63203125 0.271875 0.08203125
2 0.6671875 0.66484375 0.26875 0.09609375
2 0.6734375 0.69453125 0.27265625 0.10234375
2 0.67578125 0.728125 0.26875 0.1046875
2 0.3609375 0.05234375 0.18359375 0.10390625
2 0.36484375 0.075 0.18828125 0.121875
2 0.371875 0.1125 0.1875 0.11328125
2 0.38046875 0.14140625 0.17734375 0.1015625
2 0.384375 0.1734375 0.1859375 0.090625
2 0.38671875 0.2078125 0.1890625 0.0921875
2 0.39140625 0.2390625 0.18203125 0.07890625
2 0.39765625 0.2703125 0.18125 0.0796875
2 0.4015625 0.303125 0.175 0.0671875
2 0.409375 0.334375 0.175 0.06171875
2 0.4140625 0.3640625 0.17734375 0.05625
2 0.41875 0.39140625 0.1796875 0.0484375
2 0.42109375 0.425 0.18046875 0.04453125
2 0.42265625 0.45625 0.1796875 0.03984375
2 0.4296875 0.48515625 0.17890625 0.03828125
2 0.43359375 0.5109375 0.18125 0.04375
2 0.4375 0.5390625 0.184375 0.053125
2 0.44296875 0.56640625 0.18359375 0.0625
2 0.446875 0.59453125 0.1828125 0.0625
2 0.4546875 0.6203125 0.17734375 0.06875
2 0.45703125 0.6453125 0.1796875 0.06953125
2 0.459375 0.6703125 0.17890625 0.07578125
2 0.22578125 0.1265625 0.11484375 0.0796875
2 0.23203125 0.153125 0.12109375 0.07578125
2 0.23828125 0.17734375 0.125 0.075
2 0.24609375 0.20546875 0.125 0.071875
2 0.246875 0.2328125 0.121875 0.0625
2 0.25 0.25703125 0.1265625 0.059375
2 0.25390625 0.28203125 0.12109375 0.0609375
2 0.25703125 0.30703125 0.12265625 0.0578125
2 0.265625 0.32890625 0.12890625 0.0578125
2 0.2671875 0.35703125 0.1234375 0.0484375
2 0.27109375 0.38203125 0.1234375 0.04375
2 0.275 0.4046875 0.12421875 0.0359375
2 0.27734375 0.42734375 0.12421875 0.03125
2 0.28046875 0.45234375 0.125 0.0265625
2 0.28671875 0.47578125 0.1296875 0.0296875
2 0.28984375 0.496875 0.13125 0.03359375
2 0.29296875 0.51953125 0.1265625 0.03359375
2 0.29765625 0.5453125 0.13046875 0.04140625
2 0.30390625 0.56640625 0.128125 0.03828125
2 0.309375 0.5921875 0.1359375 0.05
2 0.31328125 0.609375 0.12890625 0.046875
2 0.31640625 0.63125 0.12890625 0.0515625
2 0.1390625 0.18046875 0.08671875 0.0640625
2 0.14765625 0.2015625 0.0984375 0.06875
2 0.15 0.225 0.0921875 0.0578125
2 0.15625 0.24296875 0.0953125 0.05859375
2 0.15859375 0.26328125 0.08984375 0.05703125
2 0.16328125 0.28671875 0.08359375 0.053125
2 0.165625 0.30625 0.08828125 0.0484375
2 0.16953125 0.325 0.08671875 0.04921875
2 0.175 0.34765625 0.08828125 0.04609375
2 0.17578125 0.36484375 0.08515625 0.04609375
2 0.18203125 0.38515625 0.0796875 0.03671875
2 0.1859375 0.40546875 0.0796875 0.034375
2 0.18828125 0.4234375 0.08046875 0.0296875
2 0.18984375 0.44140625 0.084375 0.0296875
2 0.19375 0.4609375 0.07734375 0.03125
2 0.1984375 0.478125 0.07578125 0.03046875
2 0.2015625 0.4953125 0.0765625 0.0328125
2 0.2078125 0.51328125 0.0796875 0.034375
2 0.2109375 0.5328125 0.08125 0.03359375
2 0.21171875 0.55078125 0.078125 0.03359375
2 0.2171875 0.565625 0.07890625 0.03828125
2 0.221875 0.584375 0.078125 0.04375
2 0.07578125 0.2015625 0.10859375 0.06640625
2 0.06796875 0.22265625 0.08515625 0.071875
2 0.0734375 0.240625 0.0921875 0.06796875
2 0.07421875 0.2625 0.08984375 0.0609375
2 0.07578125 0.28203125 0.0984375 0.065625
2 0.08203125 0.29921875 0.09765625 0.0578125
2 0.08671875 0.31484375 0.09609375 0.05234375
2 0.09453125 0.334375 0.09296875 0.0453125
2 0.09609375 0.35234375 0.096875 0.05546875
2 0.09765625 0.3703125 0.08828125 0.04765625
2 0.10078125 0.3890625 0.08828125 0.0421875
2 0.10859375 0.4046875 0.09296875 0.034375
2 0.10859375 0.42265625 0.090625 0.0390625
2 0.11171875 0.44140625 0.09140625 0.040625
2 0.115625 0.45390625 0.0875 0.03125
2 0.11953125 0.47421875 0.09375 0.03671875
2 0.12421875 0.4890625 0.0890625 0.0390625
2 0.12734375 0.50546875 0.084375 0.03515625
2 0.13046875 0.52265625 0.0875 0.03828125
2 0.134375 0.53828125 0.08828125 0.04296875
2 0.1390625 0.553125 0.09609375 0.04296875
2 0.13984375 0.5703125 0.09140625 0.04140625
2 0.06953125 0.5546875 0.0671875 0.03203125
2 0.06875 0.54140625 0.06953125 0.0296875
2 0.06484375 0.528125 0.07109375 0.02890625
2 0.06171875 0.5140625 0.071875 0.03203125
2 0.06015625 0.50078125 0.06953125 0.025
2 0.05703125 0.4875 0.0671875 0.03125
2 0.0515625 0.475 0.065625 0.02890625
2 0.046875 0.4578125 0.07109375 0.02890625
2 0.0453125 0.44609375 0.07265625 0.03359375
2 0.0390625 0.4296875 0.07265625 0.0296875
2 0.0375 0.41484375 0.07421875 0.0328125
2 0.034375 0.39921875 0.06875 0.0375
2 0.0296875 0.384375 0.05859375 0.0390625
2 0.0296875 0.36875 0.05859375 0.03515625
2 0.0296875 0.35234375 0.05859375 0.0375
2 0.0265625 0.3390625 0.053125 0.0359375
2 0.0234375 0.31953125 0.046875 0.0453125
2 0.025 0.30546875 0.05 0.04296875
2 0.021875 0.2859375 0.04296875 0.0453125
2 0.02109375 0.271875 0.04140625 0.04140625
2 0.01796875 0.25703125 0.0359375 0.04296875
2 0.01640625 0.23984375 0.0328125 0.0375