2 0.56484375 0.06484375 0.5359375 0.12890625
2 0.56015625 0.11875 0.5265625 0.19296875
2 0.5546875 0.18671875 0.50390625 0.196875
2 0.51015625 0.225 0.45625 0.20078125
2 0.5078125 0.309375 0.43515625 0.16640625
2 0.4953125 0.37421875 0.43203125 0.14375
2 0.51171875 0.44140625 0.41328125 0.1078125
2 0.4890625 0.50234375 0.39296875 0.08359375
2 0.484375 0.55703125 0.39140625 0.1109375
2 0.46640625 0.6015625 0.3953125 0.0953125
2 0.4625 0.6609375 0.3796875 0.08515625
2 0.7609375 0.4375 0.15078125 0.35703125
2 0.7046875 0.44375 0.14375 0.403125