2 0.45859375 0.27578125 0.6171875 0.0859375
2 0.47734375 0.32265625 0.603125 0.078125
2 0.48359375 0.36875 0.590625 0.0828125
2 0.44765625 0.40703125 0.546875 0.08828125
2 0.478125 0.44765625 0.49296875 0.084375
2 0.4921875 0.4796875 0.46953125 0.0828125
2 0.49921875 0.51328125 0.4609375 0.090625
2 0.5109375 0.54765625 0.4515625 0.0828125
2 0.51171875 0.5765625 0.4453125 0.0875
2 0.51171875 0.6109375 0.44375 0.07734375
2 0.521875 0.6359375 0.425 0.07890625
2 0.7984375 0.47109375 0.0984375 0.20546875
2 0.7328125 0.484375 0.06875 0.23203125