2 0.43671875 0.06484375 0.5671875 0.1296875
2 0.47578125 0.10234375 0.56875 0.2046875
2 0.4953125 0.1765625 0.56015625 0.2546875
2 0.47890625 0.25859375 0.51953125 0.22421875
2 0.50859375 0.33515625 0.48984375 0.23828125
2 0.546875 0.39609375 0.43515625 0.23203125
2 0.56640625 0.465625 0.4296875 0.2359375
2 0.5875 0.52890625 0.41484375 0.221875
2 0.6046875 0.58515625 0.42421875 0.2421875
2 0.62265625 0.6421875 0.415625 0.2375
2 0.640625 0.70546875 0.403125 0.21953125
2 0.81484375 0.33046875 0.15078125 0.41953125
2 0.77421875 0.365625 0.1515625 0.4609375