2 0.09375 0.04453125 0.1875 0.08828125
2 0.096875 0.10234375 0.19375 0.0875
2 0.1 0.16953125 0.2 0.08125
2 0.1046875 0.22578125 0.209375 0.084375
2 0.1046875 0.2796875 0.209375 0.0984375
2 0.10625 0.33359375 0.2125 0.08828125
2 0.1078125 0.3953125 0.215625 0.08984375
2 0.11171875 0.44609375 0.2234375 0.090625
2 0.115625 0.4921875 0.23125 0.08515625
2 0.11640625 0.546875 0.2328125 0.08203125
2 0.11796875 0.5921875 0.2359375 0.06328125
2 0.11953125 0.6421875 0.2390625 0.0640625
2 0.1234375 0.68828125 0.246875 0.07109375
2 0.12578125 0.73671875 0.2515625 0.05859375
2 0.125 0.77890625 0.25 0.05625
2 0.12890625 0.82265625 0.2578125 0.05546875
2 0.1296875 0.8671875 0.259375 0.0609375
2 0.13125 0.909375 0.2625 0.07265625
2 0.353125 0.0625 0.38125 0.11171875
2 0.353125 0.12109375 0.37109375 0.10078125
2 0.3515625 0.18046875 0.375 0.103125
2 0.3546875 0.24140625 0.365625 0.1
2 0.36015625 0.2984375 0.3609375 0.0921875
2 0.3625 0.3546875 0.35 0.0921875
2 0.365625 0.40234375 0.34921875 0.09375
2 0.36796875 0.45546875 0.34921875 0.078125
2 0.37265625 0.5078125 0.3359375 0.0765625
2 0.37578125 0.55625 0.33359375 0.0796875
2 0.3734375 0.60859375 0.33359375 0.06796875
2 0.375 0.65390625 0.33671875 0.07734375
2 0.38125 0.70234375 0.31796875 0.06796875
2 0.38359375 0.74375 0.3140625 0.0609375
2 0.38671875 0.78671875 0.3203125 0.06484375
2 0.3859375 0.83046875 0.321875 0.0625
2 0.38515625 0.87109375 0.3140625 0.05859375
2 0.3875 0.92109375 0.29921875 0.059375
2 0.696875 0.0875 0.36953125 0.1046875
2 0.6921875 0.1375 0.36171875 0.10546875
2 0.6875 0.2109375 0.35625 0.09609375
2 0.684375 0.2671875 0.35703125 0.0921875
2 0.6921875 0.32265625 0.35 0.09765625
2 0.68828125 0.37265625 0.3453125 0.08125
2 0.6921875 0.4265625 0.340625 0.08671875
2 0.6859375 0.47734375 0.340625 0.08671875
2 0.68828125 0.52890625 0.3296875 0.08046875
2 0.684375 0.58046875 0.33046875 0.07421875
2 0.678125 0.62109375 0.31796875 0.07421875
2 0.68046875 0.67578125 0.3171875 0.06171875
2 0.6796875 0.71953125 0.31953125 0.0625
2 0.678125 0.75859375 0.31640625 0.0625
2 0.67421875 0.809375 0.3140625 0.06328125
2 0.67421875 0.85078125 0.30546875 0.059375
2 0.675 0.8890625 0.31015625 0.0421875
2 0.67109375 0.9328125 0.3109375 0.05703125
2 0.92109375 0.10234375 0.1578125 0.0875
2 0.91953125 0.16328125 0.1609375 0.0796875
2 0.915625 0.228125 0.16796875 0.0734375
2 0.91796875 0.27421875 0.1640625 0.071875
2 0.9171875 0.3359375 0.165625 0.06484375
2 0.91484375 0.38515625 0.1703125 0.06640625
2 0.9140625 0.43984375 0.171875 0.0625
2 0.91015625 0.4953125 0.1796875 0.0671875
2 0.909375 0.5375 0.18125 0.08203125
2 0.91015625 0.58828125 0.1796875 0.07109375
2 0.90625 0.6375 0.1875 0.06328125
2 0.90390625 0.67734375 0.1921875 0.0640625
2 0.90625 0.72578125 0.1875 0.06796875
2 0.90703125 0.778125 0.1859375 0.0546875
2 0.90625 0.81328125 0.1875 0.05546875
2 0.90546875 0.86015625 0.1890625 0.06796875
2 0.90234375 0.89921875 0.1953125 0.05625
2 0.903125 0.93671875 0.19375 0.0609375