2 0.55234375 0.25234375 0.63203125 0.0796875
2 0.5328125 0.31015625 0.6203125 0.075
2 0.5234375 0.36328125 0.60859375 0.08046875
2 0.55703125 0.396875 0.56640625 0.096875
2 0.54296875 0.44765625 0.52890625 0.08046875
2 0.528125 0.4890625 0.52109375 0.08203125
2 0.509375 0.528125 0.47578125 0.08515625
2 0.49453125 0.5640625 0.4625 0.0859375
2 0.48984375 0.60234375 0.475 0.09296875
2 0.4828125 0.6390625 0.46953125 0.084375
2 0.47890625 0.67109375 0.43984375 0.08203125
2 0.2640625 0.5 0.08828125 0.25546875
2 0.20546875 0.4875 0.09140625 0.23125