2 0.2671875 0.15234375 0.534375 0.3046875
2 0.296875 0.2265625 0.59375 0.31640625
2 0.3234375 0.3203125 0.578125 0.3296875
2 0.33203125 0.4125 0.50546875 0.30234375
2 0.37265625 0.48046875 0.51484375 0.31171875
2 0.3921875 0.54921875 0.50078125 0.3265625
2 0.5046875 0.65078125 0.3515625 0.253125
2 0.53984375 0.6953125 0.33984375 0.24765625
2 0.57109375 0.759375 0.3484375 0.253125
2 0.596875 0.81875 0.31875 0.22578125
2 0.6078125 0.88046875 0.27578125 0.18125
2 0.62109375 0.92421875 0.225 0.1515625
2 0.6765625 0.4484375 0.20078125 0.4265625