2 0.9109375 0.15 0.128125 0.11640625
2 0.91875 0.21015625 0.14375 0.1171875
2 0.9234375 0.25703125 0.1515625 0.14140625
2 0.92421875 0.2953125 0.15 0.12578125
2 0.925 0.34140625 0.14765625 0.12265625
2 0.92578125 0.38984375 0.146875 0.13515625
2 0.92421875 0.44375 0.15 0.1125
2 0.92734375 0.50078125 0.14375 0.1328125
2 0.93046875 0.54296875 0.13671875 0.1359375
2 0.93125 0.59765625 0.13515625 0.15078125
2 0.9328125 0.6453125 0.13125 0.1328125
2 0.934375 0.7 0.12890625 0.13125
2 0.9359375 0.7515625 0.1265625 0.1328125
2 0.9359375 0.81328125 0.12578125 0.1375
2 0.93671875 0.86484375 0.12421875 0.12734375
2 0.9375 0.91953125 0.12265625 0.1296875
2 0.93828125 0.95546875 0.121875 0.08828125
2 0.79375 0.215625 0.13125 0.1328125
2 0.79609375 0.2625 0.128125 0.1296875
2 0.79609375 0.3125 0.128125 0.1109375
2 0.79765625 0.35625 0.13203125 0.125
2 0.80078125 0.39921875 0.13203125 0.12734375
2 0.8015625 0.44765625 0.13046875 0.1203125
2 0.80390625 0.50078125 0.13125 0.125
2 0.80546875 0.54921875 0.13359375 0.12421875
2 0.80625 0.59921875 0.13203125 0.125
2 0.809375 0.65546875 0.1359375 0.128125
2 0.8125 0.70703125 0.134375 0.12421875
2 0.81484375 0.75859375 0.13359375 0.13203125
2 0.81640625 0.80859375 0.1375 0.1359375
2 0.8171875 0.859375 0.1375 0.12578125
2 0.81875 0.9203125 0.13828125 0.13125
2 0.8203125 0.9546875 0.13984375 0.090625
2 0.85703125 0.98203125 0.0703125 0.03515625
2 0.67890625 0.28203125 0.1203125 0.11328125
2 0.6796875 0.31953125 0.12578125 0.1265625
2 0.6796875 0.365625 0.121875 0.1125
2 0.67890625 0.41484375 0.12578125 0.1203125
2 0.68203125 0.46015625 0.12578125 0.12578125
2 0.68046875 0.5078125 0.12890625 0.13046875
2 0.6828125 0.55390625 0.1296875 0.1203125
2 0.684375 0.60625 0.1328125 0.12421875
2 0.68359375 0.65625 0.1296875 0.128125
2 0.684375 0.70234375 0.13046875 0.1359375
2 0.6875 0.75703125 0.13203125 0.1328125
2 0.6875 0.8046875 0.13125 0.12734375
2 0.68828125 0.8640625 0.13125 0.13203125
2 0.6890625 0.91796875 0.13515625 0.13125
2 0.69296875 0.9546875 0.13671875 0.090625
2 0.72578125 0.9796875 0.06796875 0.040625
2 0.5671875 0.328125 0.11875 0.1078125
2 0.56640625 0.36484375 0.1203125 0.1203125
2 0.56484375 0.41796875 0.12109375 0.12265625
2 0.565625 0.46640625 0.12421875 0.11875
2 0.56484375 0.515625 0.12421875 0.13046875
2 0.56171875 0.55859375 0.12265625 0.1234375
2 0.56484375 0.6109375 0.12421875 0.13046875
2 0.5640625 0.6609375 0.12421875 0.12109375
2 0.56484375 0.71328125 0.12578125 0.10859375
2 0.56484375 0.75625 0.1296875 0.11953125
2 0.56484375 0.8140625 0.12734375 0.12109375
2 0.56484375 0.86875 0.12890625 0.1171875
2 0.56484375 0.91953125 0.13203125 0.1203125
2 0.56484375 0.95078125 0.12890625 0.0984375
2 0.59453125 0.978125 0.0734375 0.04375
2 0.45546875 0.39140625 0.11796875 0.09765625
2 0.45234375 0.4296875 0.12109375 0.109375
2 0.453125 0.47578125 0.11875 0.11953125
2 0.45078125 0.52265625 0.11953125 0.11796875
2 0.4484375 0.5703125 0.121875 0.12265625
2 0.44921875 0.61796875 0.12265625 0.1109375
2 0.44765625 0.66484375 0.1234375 0.1171875
2 0.44765625 0.7171875 0.1234375 0.115625
2 0.4453125 0.76875 0.1203125 0.1234375
2 0.446875 0.81796875 0.1234375 0.11484375
2 0.44375 0.8640625 0.1234375 0.11796875
2 0.44453125 0.92109375 0.12578125 0.11171875
2 0.44375 0.95703125 0.125 0.0859375
2 0.47578125 0.98125 0.0671875 0.0375
2 0.34375 0.434375 0.12109375 0.11015625
2 0.33984375 0.48046875 0.1234375 0.1109375
2 0.3390625 0.52734375 0.121875 0.1171875
2 0.33828125 0.57890625 0.12109375 0.11328125
2 0.33671875 0.628125 0.11875 0.11953125
2 0.3359375 0.671875 0.1234375 0.12265625
2 0.334375 0.7234375 0.12578125 0.1140625
2 0.33203125 0.7703125 0.12265625 0.11171875
2 0.3328125 0.8203125 0.12265625 0.1078125
2 0.33125 0.8671875 0.12265625 0.1140625
2 0.32890625 0.92109375 0.125 0.1125
2 0.328125 0.95703125 0.125 0.08515625
2 0.3625 0.98125 0.053125 0.0375
2 0.23515625 0.48515625 0.1109375 0.1046875
2 0.23203125 0.53515625 0.1109375 0.10546875
2 0.23203125 0.57734375 0.11015625 0.109375
2 0.2296875 0.62421875 0.11484375 0.10234375
2 0.22578125 0.671875 0.11953125 0.10859375
2 0.225 0.7171875 0.115625 0.11484375
2 0.2234375 0.765625 0.115625 0.109375
2 0.2203125 0.8171875 0.11484375 0.10703125
2 0.21875 0.86171875 0.11953125 0.10703125
2 0.21640625 0.91484375 0.1203125 0.109375
2 0.21484375 0.95390625 0.12109375 0.0921875
2 0.234375 0.9796875 0.08125 0.040625