2 0.053125 0.19375 0.10625 0.06953125
2 0.05546875 0.24609375 0.11015625 0.05390625
2 0.05703125 0.28828125 0.1140625 0.0546875
2 0.0609375 0.33515625 0.121875 0.06015625
2 0.06328125 0.37578125 0.12578125 0.06015625
2 0.06640625 0.41640625 0.1328125 0.05625
2 0.0671875 0.45546875 0.134375 0.0390625
2 0.07421875 0.49296875 0.13671875 0.0375
2 0.078125 0.53125 0.13515625 0.04609375
2 0.08671875 0.56796875 0.1328125 0.05
2 0.08828125 0.603125 0.12734375 0.0515625
2 0.09453125 0.64140625 0.12734375 0.04375
2 0.10078125 0.67734375 0.125 0.0421875
2 0.10390625 0.70703125 0.1265625 0.04296875
2 0.109375 0.74296875 0.1234375 0.03671875
2 0.11328125 0.775 0.11640625 0.046875
2 0.115625 0.809375 0.11953125 0.03359375
2 0.11953125 0.84375 0.11796875 0.040625
2 0.17109375 0.1890625 0.14375 0.084375
2 0.171875 0.2375 0.14921875 0.0671875
2 0.17890625 0.28125 0.14609375 0.0765625
2 0.18359375 0.3234375 0.14609375 0.0671875
2 0.18828125 0.3640625 0.1421875 0.06796875
2 0.18984375 0.403125 0.1421875 0.06484375
2 0.19453125 0.44609375 0.1390625 0.0640625
2 0.1984375 0.48984375 0.13828125 0.06328125
2 0.20234375 0.52734375 0.13359375 0.053125
2 0.20703125 0.56171875 0.13359375 0.0484375
2 0.20859375 0.59453125 0.134375 0.05390625
2 0.21015625 0.63671875 0.1328125 0.05
2 0.21640625 0.66875 0.1296875 0.0453125
2 0.22109375 0.7015625 0.12578125 0.04609375
2 0.221875 0.7359375 0.12578125 0.04609375
2 0.2265625 0.76953125 0.12578125 0.0546875
2 0.2296875 0.803125 0.12421875 0.05078125
2 0.23203125 0.83828125 0.125 0.0625
2 0.3046875 0.18046875 0.14609375 0.065625
2 0.3078125 0.23046875 0.14453125 0.05703125
2 0.3109375 0.26953125 0.1453125 0.065625
2 0.3140625 0.3171875 0.13828125 0.04765625
2 0.315625 0.3640625 0.13515625 0.04140625
2 0.31796875 0.4 0.13984375 0.05078125
2 0.32265625 0.44296875 0.1359375 0.04453125
2 0.32265625 0.48046875 0.1359375 0.0421875
2 0.325 0.52109375 0.1328125 0.04609375
2 0.32734375 0.55859375 0.1296875 0.040625
2 0.32890625 0.59375 0.13046875 0.04375
2 0.33046875 0.62890625 0.13125 0.0421875
2 0.33203125 0.6671875 0.125 0.03984375
2 0.33359375 0.69921875 0.128125 0.04453125
2 0.3375 0.73515625 0.121875 0.0421875
2 0.34296875 0.7671875 0.12109375 0.0390625
2 0.3421875 0.796875 0.12421875 0.0375
2 0.34609375 0.8296875 0.12109375 0.03828125
2 0.44140625 0.16953125 0.14453125 0.06953125
2 0.44140625 0.221875 0.14140625 0.046875
2 0.44453125 0.2703125 0.1453125 0.0484375
2 0.4453125 0.31328125 0.14296875 0.04765625
2 0.44609375 0.35703125 0.1390625 0.04375
2 0.44609375 0.3984375 0.1421875 0.04453125
2 0.446875 0.4375 0.1359375 0.0453125
2 0.44765625 0.4796875 0.134375 0.0421875
2 0.45 0.51484375 0.1328125 0.04609375
2 0.45 0.55703125 0.1296875 0.0421875
2 0.44921875 0.596875 0.13203125 0.0375
2 0.45078125 0.63203125 0.12890625 0.0421875
2 0.45 0.6671875 0.1296875 0.04609375
2 0.4546875 0.703125 0.125 0.0375
2 0.45390625 0.73515625 0.12421875 0.03046875
2 0.4546875 0.77109375 0.1234375 0.034375
2 0.45703125 0.8 0.121875 0.02734375
2 0.45703125 0.834375 0.12265625 0.03203125
2 0.57890625 0.16640625 0.15 0.05390625
2 0.57890625 0.22109375 0.14609375 0.05078125
2 0.57890625 0.2640625 0.14140625 0.04140625
2 0.578125 0.30859375 0.14296875 0.04921875
2 0.578125 0.35390625 0.1421875 0.0515625
2 0.5765625 0.390625 0.1390625 0.05703125
2 0.5765625 0.44140625 0.13671875 0.05546875
2 0.57421875 0.47890625 0.1328125 0.04375
2 0.57421875 0.51796875 0.13203125 0.04765625
2 0.571875 0.5546875 0.12890625 0.05078125
2 0.571875 0.5890625 0.1265625 0.04609375
2 0.571875 0.63125 0.13046875 0.04921875
2 0.571875 0.66328125 0.12734375 0.03671875
2 0.57109375 0.69609375 0.1265625 0.04296875
2 0.571875 0.73203125 0.12265625 0.0515625
2 0.56875 0.76484375 0.125 0.03046875
2 0.56953125 0.79296875 0.12578125 0.03359375
2 0.571875 0.82421875 0.1171875 0.04375
2 0.71796875 0.165625 0.1515625 0.07578125
2 0.71484375 0.2125 0.14296875 0.07265625
2 0.7140625 0.25859375 0.14609375 0.06640625
2 0.71328125 0.29765625 0.1421875 0.053125
2 0.709375 0.34375 0.140625 0.05078125
2 0.7078125 0.38671875 0.14296875 0.05234375
2 0.70546875 0.43125 0.13984375 0.05078125
2 0.703125 0.46875 0.1375 0.04375
2 0.7 0.50625 0.13828125 0.05703125
2 0.69921875 0.54375 0.1328125 0.05234375
2 0.69453125 0.5875 0.13203125 0.04453125
2 0.69375 0.62265625 0.13125 0.0453125
2 0.690625 0.6609375 0.13046875 0.04453125
2 0.6890625 0.696875 0.1265625 0.04140625
2 0.6890625 0.72578125 0.125 0.0296875
2 0.684375 0.759375 0.121875 0.040625
2 0.6859375 0.7921875 0.125 0.03671875
2 0.6890625 0.8296875 0.1328125 0.04375
2 0.79375 0.8203125 0.11796875 0.04609375
2 0.79765625 0.78359375 0.11796875 0.05
2 0.8 0.7546875 0.12265625 0.05546875
2 0.80390625 0.72265625 0.121875 0.0453125
2 0.8078125 0.69140625 0.12734375 0.04921875
2 0.809375 0.65390625 0.12421875 0.05078125
2 0.81484375 0.621875 0.12578125 0.05
2 0.81796875 0.584375 0.13046875 0.05859375
2 0.821875 0.54609375 0.1328125 0.053125
2 0.82421875 0.509375 0.13515625 0.06640625
2 0.83046875 0.4671875 0.134375 0.0578125
2 0.83515625 0.4296875 0.13515625 0.0546875
2 0.8375 0.39140625 0.1375 0.05625
2 0.83984375 0.34765625 0.140625 0.06640625
2 0.84375 0.303125 0.13984375 0.0625
2 0.8484375 0.2578125 0.14296875 0.06171875
2 0.85078125 0.2171875 0.140625 0.06171875
2 0.85625 0.1640625 0.1453125 0.06875
2 0.9046875 0.81796875 0.1140625 0.0484375
2 0.909375 0.784375 0.115625 0.04765625
2 0.91328125 0.75390625 0.11796875 0.04921875
2 0.9171875 0.72421875 0.11640625 0.0421875
2 0.9234375 0.6859375 0.12265625 0.05078125
2 0.9265625 0.65078125 0.12578125 0.06015625
2 0.9328125 0.615625 0.1234375 0.053125
2 0.9375 0.5828125 0.1234375 0.05546875
2 0.9390625 0.54296875 0.121875 0.0515625
2 0.94140625 0.509375 0.1171875 0.05703125
2 0.94375 0.46875 0.1125 0.0609375
2 0.9453125 0.4265625 0.10859375 0.05859375
2 0.94765625 0.38359375 0.1046875 0.04921875
2 0.94921875 0.34453125 0.10078125 0.05625
2 0.9515625 0.30078125 0.096875 0.05390625
2 0.9546875 0.25625 0.08984375 0.0609375
2 0.95546875 0.21875 0.0890625 0.06640625
2 0.95859375 0.165625 0.08203125 0.0625