2 0.4578125 0.228125 0.36484375 0.2125
2 0.428125 0.26171875 0.34609375 0.18984375
2 0.4265625 0.29296875 0.32890625 0.20390625
2 0.4109375 0.31953125 0.30625 0.18359375
2 0.41171875 0.36875 0.31171875 0.16796875
2 0.40625 0.39765625 0.30703125 0.1828125
2 0.38984375 0.43671875 0.29375 0.19140625
2 0.390625 0.46796875 0.303125 0.1671875
2 0.38046875 0.49921875 0.29375 0.1671875
2 0.384375 0.54140625 0.30390625 0.1609375
2 0.39296875 0.57890625 0.2890625 0.1546875
2 0.371875 0.61953125 0.2859375 0.146875
2 0.33984375 0.64765625 0.284375 0.1515625
2 0.3484375 0.6890625 0.2890625 0.1484375
2 0.34296875 0.7265625 0.2828125 0.13125
2 0.31328125 0.7625 0.3 0.16328125
2 0.30625 0.80703125 0.290625 0.1390625
2 0.3125 0.8375 0.296875 0.1515625
2 0.3109375 0.88125 0.29375 0.14296875
2 0.3125 0.91953125 0.296875 0.1234375
2 0.33515625 0.9453125 0.3078125 0.109375
2 0.6984375 0.384375 0.25546875 0.1515625
2 0.690625 0.41953125 0.278125 0.14453125
2 0.68046875 0.45 0.2671875 0.13984375
2 0.67734375 0.478125 0.253125 0.140625
2 0.66875 0.50625 0.25546875 0.14140625
2 0.6515625 0.53046875 0.26796875 0.1515625
2 0.653125 0.5671875 0.26796875 0.14921875
2 0.64921875 0.5953125 0.265625 0.15078125
2 0.6453125 0.61875 0.2703125 0.1625
2 0.66015625 0.66953125 0.21640625 0.13515625
2 0.64921875 0.69609375 0.21796875 0.1265625
2 0.64453125 0.72734375 0.21171875 0.12265625
2 0.63984375 0.7625 0.21328125 0.11484375
2 0.6359375 0.7953125 0.209375 0.1109375
2 0.6234375 0.82421875 0.2171875 0.11796875
2 0.61328125 0.85546875 0.2125 0.11171875
2 0.59921875 0.88671875 0.22109375 0.109375
2 0.5953125 0.92109375 0.21796875 0.0984375
2 0.59140625 0.95078125 0.2171875 0.0984375
2 0.5859375 0.96953125 0.2203125 0.0609375