2 0.2671875 0.2234375 0.31328125 0.10703125
2 0.25 0.28671875 0.3015625 0.121875
2 0.25859375 0.3328125 0.28671875 0.1046875
2 0.25703125 0.365625 0.26484375 0.10625
2 0.2640625 0.40390625 0.2703125 0.0953125
2 0.26484375 0.43125 0.2609375 0.084375
2 0.2625 0.4671875 0.2484375 0.084375
2 0.27265625 0.50078125 0.2671875 0.0859375
2 0.27265625 0.5359375 0.259375 0.0890625
2 0.284375 0.56953125 0.26484375 0.09375
2 0.30078125 0.60625 0.2515625 0.09921875
2 0.29375 0.64765625 0.24296875 0.096875
2 0.27578125 0.67734375 0.24609375 0.09609375
2 0.290625 0.715625 0.246875 0.10234375
2 0.296875 0.75078125 0.24140625 0.09453125
2 0.28125 0.796875 0.2515625 0.10859375
2 0.28515625 0.8328125 0.2484375 0.096875
2 0.29921875 0.859375 0.24921875 0.11171875
2 0.30625 0.903125 0.25078125 0.1125
2 0.31875 0.9328125 0.246875 0.12734375
2 0.34453125 0.95 0.25859375 0.1
2 0.49375 0.2890625 0.2203125 0.07734375
2 0.49453125 0.32421875 0.23671875 0.0890625
2 0.49296875 0.35234375 0.23203125 0.08203125
2 0.49609375 0.38125 0.2234375 0.07734375
2 0.48984375 0.41015625 0.24296875 0.071875
2 0.490625 0.43984375 0.23359375 0.07109375
2 0.496875 0.46328125 0.240625 0.0640625
2 0.50390625 0.4953125 0.2328125 0.06796875
2 0.5046875 0.5203125 0.240625 0.0640625
2 0.5125 0.553125 0.221875 0.065625
2 0.5125 0.5859375 0.225 0.06328125
2 0.51640625 0.615625 0.22578125 0.07421875
2 0.50625 0.678125 0.24296875 0.08046875
2 0.515625 0.71015625 0.23046875 0.07578125
2 0.51484375 0.74765625 0.21796875 0.08828125
2 0.51171875 0.77578125 0.2296875 0.08359375
2 0.51328125 0.80703125 0.234375 0.08828125
2 0.51875 0.840625 0.23046875 0.0953125
2 0.52265625 0.87421875 0.22421875 0.0953125