2 0.565625 0.26875 0.353125 0.13203125
2 0.58125 0.31328125 0.34140625 0.13359375
2 0.57734375 0.35859375 0.31796875 0.1125
2 0.575 0.39296875 0.2953125 0.11015625
2 0.565625 0.4234375 0.2984375 0.10078125
2 0.5609375 0.4515625 0.29296875 0.0875
2 0.56875 0.4875 0.28203125 0.09609375
2 0.559375 0.51953125 0.2953125 0.096875
2 0.55703125 0.5546875 0.28984375 0.09609375
2 0.5421875 0.5875 0.29453125 0.10390625
2 0.52421875 0.6203125 0.27890625 0.1109375
2 0.53046875 0.66171875 0.2734375 0.1046875
2 0.55078125 0.6984375 0.27578125 0.1015625
2 0.534375 0.71328125 0.27734375 0.1375
2 0.52578125 0.7609375 0.26796875 0.10390625
2 0.540625 0.803125 0.284375 0.1265625
2 0.5375 0.8421875 0.2765625 0.1046875
2 0.521875 0.87109375 0.2765625 0.1109375
2 0.51015625 0.9078125 0.27890625 0.1234375
2 0.50078125 0.93671875 0.27734375 0.1265625
2 0.4703125 0.92578125 0.3 0.14765625
2 0.30859375 0.30546875 0.24296875 0.084375
2 0.3078125 0.33515625 0.26953125 0.09296875
2 0.309375 0.36015625 0.26015625 0.07890625
2 0.30234375 0.38984375 0.24921875 0.08515625
2 0.3109375 0.4171875 0.2640625 0.08359375
2 0.309375 0.44609375 0.2609375 0.0828125
2 0.29609375 0.46875 0.25546875 0.071875
2 0.29453125 0.496875 0.259375 0.071875
2 0.290625 0.52578125 0.265625 0.071875
2 0.28125 0.55703125 0.24453125 0.07421875
2 0.2765625 0.5859375 0.23515625 0.078125
2 0.2828125 0.61796875 0.25 0.07890625
2 0.29140625 0.64765625 0.27421875 0.08203125
2 0.28984375 0.67734375 0.275 0.08671875
2 0.2546875 0.7421875 0.20625 0.09453125
2 0.25546875 0.771875 0.21015625 0.09296875
2 0.24921875 0.803125 0.20078125 0.1
2 0.24453125 0.83515625 0.20546875 0.103125
2 0.24375 0.8671875 0.21015625 0.10546875