2 0.66796875 0.5546875 0.14140625 0.43359375
2 0.6359375 0.5578125 0.14609375 0.440625
2 0.59921875 0.559375 0.146875 0.446875
2 0.55390625 0.5546875 0.1265625 0.44609375
2 0.5125 0.5609375 0.1171875 0.45
2 0.47890625 0.57734375 0.10859375 0.45390625
2 0.425 0.56328125 0.0875 0.46328125
2 0.38125 0.5765625 0.09453125 0.46640625
2 0.340625 0.5875 0.075 0.496875
2 0.28984375 0.57890625 0.07578125 0.49375
2 0.24375 0.59296875 0.078125 0.496875
2 0.196875 0.5875 0.08984375 0.48671875
2 0.1359375 0.63125 0.10859375 0.61953125
2 0.09140625 0.62109375 0.12421875 0.5921875
2 0.05546875 0.62109375 0.1109375 0.5953125
2 0.03671875 0.503125 0.0734375 0.37265625
2 0.08671875 0.94765625 0.04296875 0.1046875
2 0.1046875 0.9609375 0.0375 0.078125
2 0.1265625 0.9609375 0.02578125 0.078125
2 0.1421875 0.96015625 0.02734375 0.0796875
2 0.1625 0.96171875 0.02421875 0.0765625
2 0.409375 0.93828125 0.04609375 0.1078125
2 0.37109375 0.92265625 0.053125 0.1546875
2 0.334375 0.93203125 0.0546875 0.1359375
2 0.296875 0.93359375 0.05078125 0.1328125
2 0.2546875 0.93671875 0.0625 0.1265625
2 0.2203125 0.946875 0.065625 0.10625
2 0.1875 0.94609375 0.06328125 0.1078125
2 0.03046875 0.17734375 0.0609375 0.3546875
2 0.0625 0.17265625 0.07578125 0.34453125
2 0.096875 0.17421875 0.078125 0.3484375
2 0.13671875 0.17890625 0.078125 0.3578125
2 0.171875 0.1828125 0.07734375 0.36484375
2 0.203125 0.184375 0.0828125 0.36875
2 0.24140625 0.18359375 0.0875 0.36640625
2 0.27734375 0.184375 0.09296875 0.36875
2 0.30859375 0.184375 0.0984375 0.36875
2 0.33984375 0.1796875 0.09375 0.359375
2 0.3703125 0.18125 0.10625 0.3625
2 0.39609375 0.18203125 0.1125 0.3640625
2 0.428125 0.18046875 0.1125 0.3609375
2 0.45625 0.1859375 0.115625 0.37109375
2 0.48046875 0.184375 0.12890625 0.36875
2 0.50625 0.1875 0.125 0.375
2 0.5578125 0.10703125 0.07734375 0.21328125