2 0.13828125 0.6546875 0.18125 0.68984375
2 0.20078125 0.65625 0.153125 0.6875
2 0.24921875 0.65859375 0.1296875 0.6828125
2 0.30234375 0.665625 0.13515625 0.66796875
2 0.35546875 0.671875 0.12578125 0.65546875
2 0.40859375 0.6828125 0.1125 0.634375
2 0.46796875 0.6859375 0.07734375 0.628125
2 0.52109375 0.68359375 0.0859375 0.63203125
2 0.575 0.684375 0.1 0.63046875
2 0.62265625 0.69140625 0.09140625 0.61640625
2 0.675 0.6890625 0.1125 0.621875
2 0.73203125 0.7015625 0.1390625 0.59609375
2 0.778125 0.69609375 0.1546875 0.60703125
2 0.83203125 0.6953125 0.17890625 0.60859375
2 0.8890625 0.7046875 0.19375 0.590625
2 0.91640625 0.70234375 0.1671875 0.5921875
2 0.9359375 0.67265625 0.128125 0.5484375
2 0.2171875 0.16796875 0.06328125 0.3359375
2 0.2609375 0.17265625 0.07109375 0.3453125
2 0.30078125 0.1796875 0.0640625 0.359375
2 0.3390625 0.1921875 0.0703125 0.384375
2 0.3796875 0.20078125 0.0796875 0.4015625
2 0.4171875 0.20390625 0.07890625 0.40703125
2 0.45625 0.2015625 0.08828125 0.403125
2 0.49375 0.20390625 0.1 0.4078125
2 0.528125 0.20390625 0.103125 0.40703125
2 0.56796875 0.203125 0.109375 0.40546875
2 0.60078125 0.209375 0.10546875 0.41796875
2 0.6359375 0.20625 0.11171875 0.4125
2 0.6640625 0.20625 0.12578125 0.4125
2 0.70078125 0.215625 0.121875 0.43046875
2 0.73046875 0.2171875 0.13828125 0.434375
2 0.759375 0.21640625 0.14609375 0.4328125
2 0.821875 0.11484375 0.08984375 0.2296875