2 0.7171875 0.20703125 0.56484375 0.11328125
2 0.7328125 0.240625 0.534375 0.09765625
2 0.73203125 0.28125 0.5359375 0.08984375
2 0.72890625 0.31953125 0.525 0.071875
2 0.73515625 0.35546875 0.52890625 0.07109375
2 0.73203125 0.39453125 0.5296875 0.075
2 0.7328125 0.43046875 0.52578125 0.07734375
2 0.725 0.4625 0.51484375 0.0890625
2 0.7328125 0.4953125 0.534375 0.09453125
2 0.7296875 0.52890625 0.540625 0.09765625
2 0.73046875 0.5625 0.5390625 0.10859375
2 0.73515625 0.59765625 0.52890625 0.11953125
2 0.72890625 0.62734375 0.54140625 0.13359375
2 0.7140625 0.65859375 0.571875 0.1484375
2 0.71484375 0.6890625 0.5703125 0.159375
2 0.40078125 0.253125 0.171875 0.05546875
2 0.4125 0.2828125 0.17890625 0.05234375
2 0.39375 0.31484375 0.17265625 0.05390625
2 0.3953125 0.3359375 0.1859375 0.0421875
2 0.40078125 0.3640625 0.1765625 0.046875
2 0.39375 0.3921875 0.196875 0.04921875
2 0.39609375 0.4171875 0.1796875 0.0515625
2 0.39453125 0.43828125 0.190625 0.0609375
2 0.39375 0.465625 0.17890625 0.06328125
2 0.38828125 0.48984375 0.17734375 0.0640625
2 0.39375 0.51328125 0.1828125 0.07109375
2 0.3921875 0.5390625 0.19140625 0.0796875
2 0.39140625 0.559375 0.190625 0.084375
2 0.37265625 0.58203125 0.15625 0.08359375
2 0.36796875 0.6015625 0.14921875 0.0875
2 0.26875 0.29453125 0.128125 0.03828125
2 0.26875 0.31953125 0.12890625 0.0359375
2 0.2625 0.3390625 0.1265625 0.03203125
2 0.26171875 0.3625 0.11796875 0.03359375
2 0.265625 0.38046875 0.11875 0.0234375
2 0.2578125 0.40078125 0.11328125 0.0359375
2 0.26328125 0.4203125 0.10390625 0.034375
2 0.26328125 0.44140625 0.1015625 0.0375
2 0.26328125 0.459375 0.096875 0.04453125
2 0.2625 0.47734375 0.1 0.05234375
2 0.26328125 0.496875 0.0921875 0.05390625
2 0.2640625 0.5171875 0.09375 0.05390625
2 0.2609375 0.5328125 0.08828125 0.0625
2 0.2609375 0.55234375 0.0953125 0.05625