2 0.6734375 0.1421875 0.65234375 0.1453125
2 0.66328125 0.1953125 0.66015625 0.1203125
2 0.6703125 0.23984375 0.65234375 0.1015625
2 0.6703125 0.278125 0.6546875 0.0984375
2 0.68359375 0.31796875 0.63046875 0.09296875
2 0.68203125 0.3609375 0.63359375 0.07578125
2 0.6828125 0.39609375 0.63203125 0.0765625
2 0.66796875 0.43515625 0.63125 0.0890625
2 0.66640625 0.4734375 0.62421875 0.1015625
2 0.66953125 0.509375 0.62421875 0.109375
2 0.61328125 0.56328125 0.540625 0.0875
2 0.68125 0.58828125 0.6375 0.1390625
2 0.66796875 0.6265625 0.62734375 0.1328125
2 0.6640625 0.66328125 0.621875 0.15859375
2 0.6640625 0.69921875 0.609375 0.1703125
2 0.65703125 0.73359375 0.6234375 0.19375
2 0.6046875 0.7859375 0.50546875 0.13515625
2 0.1875 0.20703125 0.375 0.0703125
2 0.178125 0.2359375 0.35546875 0.0546875
2 0.1828125 0.2703125 0.365625 0.05859375
2 0.1828125 0.3078125 0.365625 0.06171875
2 0.18828125 0.33515625 0.3765625 0.06015625
2 0.1921875 0.3640625 0.384375 0.06796875
2 0.1921875 0.3921875 0.384375 0.075
2 0.19375 0.4234375 0.3875 0.078125
2 0.196875 0.453125 0.39375 0.084375
2 0.1890625 0.48359375 0.378125 0.0796875
2 0.1875 0.50703125 0.375 0.08359375
2 0.19140625 0.534375 0.3828125 0.09453125
2 0.18671875 0.5609375 0.3734375 0.090625
2 0.19296875 0.59140625 0.38515625 0.09140625
2 0.190625 0.61171875 0.38125 0.1078125
2 0.190625 0.634375 0.38125 0.10625
2 0.18515625 0.66484375 0.3703125 0.1046875