2 0.5171875 0.44609375 0.2015625 0.83671875
2 0.953125 0.06796875 0.09296875 0.02265625
2 0.95625 0.0828125 0.084375 0.02109375
2 0.95546875 0.09453125 0.08671875 0.01875
2 0.9546875 0.10625 0.08828125 0.01953125
2 0.96171875 0.11796875 0.0734375 0.01953125
2 0.95234375 0.13046875 0.09296875 0.02578125
2 0.94921875 0.140625 0.09921875 0.02578125
2 0.9484375 0.1515625 0.10078125 0.0203125
2 0.94765625 0.16015625 0.10234375 0.01953125
2 0.95078125 0.16953125 0.09609375 0.01953125
2 0.94296875 0.17890625 0.11171875 0.01640625
2 0.940625 0.1890625 0.11640625 0.0203125
2 0.93984375 0.1953125 0.1171875 0.02421875
2 0.94375 0.20546875 0.11171875 0.02421875
2 0.9359375 0.2140625 0.10703125 0.015625
2 0.93671875 0.22890625 0.1265625 0.03515625
2 0.9359375 0.25 0.128125 0.028125
2 0.8734375 0.27109375 0.253125 0.053125
2 0.8703125 0.29609375 0.25859375 0.0515625
2 0.8234375 0.31953125 0.35234375 0.06171875
2 0.37578125 0.21875 0.07109375 0.0125
2 0.378125 0.2125 0.0828125 0.01171875
2 0.37734375 0.1640625 0.08125 0.01171875