2 0.37421875 0.1703125 0.58515625 0.13359375
2 0.390625 0.20859375 0.5859375 0.1390625
2 0.3921875 0.25234375 0.56484375 0.109375
2 0.38828125 0.29140625 0.56640625 0.1015625
2 0.37109375 0.33125 0.58046875 0.08984375
2 0.37890625 0.36875 0.54609375 0.07890625
2 0.37265625 0.4015625 0.5546875 0.07734375
2 0.3875 0.43203125 0.54453125 0.07421875
2 0.39375 0.46171875 0.52578125 0.0875
2 0.39296875 0.49921875 0.5296875 0.10078125
2 0.4421875 0.546875 0.44765625 0.06953125
2 0.38359375 0.5734375 0.52734375 0.121875
2 0.39609375 0.603125 0.5265625 0.11328125
2 0.40546875 0.63359375 0.51953125 0.12734375
2 0.403125 0.66796875 0.50390625 0.13671875
2 0.41015625 0.6890625 0.51640625 0.15078125
2 0.4484375 0.7390625 0.42421875 0.11171875
2 0.8203125 0.240625 0.359375 0.0625
2 0.828125 0.265625 0.34296875 0.06484375
2 0.825 0.29375 0.35 0.065625
2 0.82421875 0.32265625 0.35078125 0.06015625
2 0.81796875 0.35078125 0.36328125 0.0640625
2 0.81484375 0.3765625 0.3703125 0.06484375
2 0.8140625 0.40078125 0.37109375 0.07265625
2 0.81484375 0.428125 0.3703125 0.0703125
2 0.81328125 0.45546875 0.3734375 0.08046875
2 0.81640625 0.4859375 0.3671875 0.06796875
2 0.81796875 0.50390625 0.3640625 0.0796875
2 0.815625 0.52734375 0.36875 0.0734375
2 0.8203125 0.55 0.359375 0.08125
2 0.8171875 0.571875 0.36484375 0.08671875
2 0.8125 0.5890625 0.375 0.09296875
2 0.81484375 0.60859375 0.3703125 0.1078125
2 0.815625 0.634375 0.36875 0.09921875