2 0.33125 0.40234375 0.6109375 0.2109375
2 0.35625 0.44296875 0.60859375 0.1921875
2 0.3703125 0.47578125 0.603125 0.18515625
2 0.36015625 0.5109375 0.56953125 0.1828125
2 0.36875 0.55703125 0.61328125 0.18984375
2 0.38515625 0.59140625 0.58203125 0.1765625
2 0.40078125 0.61953125 0.5734375 0.1734375
2 0.4109375 0.6578125 0.57421875 0.184375
2 0.42421875 0.696875 0.5625 0.1859375
2 0.4484375 0.73046875 0.52890625 0.19765625
2 0.4359375 0.765625 0.5953125 0.20234375
2 0.4390625 0.8046875 0.5640625 0.2109375
2 0.4453125 0.83203125 0.59921875 0.21171875
2 0.45625 0.86484375 0.58828125 0.225
2 0.4625 0.86796875 0.57265625 0.21640625
2 0.48671875 0.8953125 0.52578125 0.20859375
2 0.4765625 0.9125 0.5890625 0.175
2 0.60546875 0.925 0.33359375 0.14921875
2 0.81484375 0.3265625 0.3578125 0.1328125
2 0.81796875 0.35625 0.359375 0.13359375
2 0.8203125 0.38515625 0.35546875 0.13046875
2 0.8125 0.415625 0.3703125 0.11953125
2 0.81875 0.446875 0.35859375 0.1265625
2 0.8171875 0.478125 0.3609375 0.128125
2 0.8234375 0.50390625 0.34921875 0.11796875
2 0.82578125 0.53125 0.34453125 0.1125
2 0.82578125 0.56484375 0.34453125 0.10703125
2 0.83828125 0.58828125 0.31953125 0.09296875
2 0.84140625 0.61484375 0.3140625 0.090625
2 0.84296875 0.63984375 0.309375 0.08203125
2 0.8421875 0.66484375 0.3125 0.0640625
2 0.8546875 0.68828125 0.28671875 0.08359375
2 0.8484375 0.7140625 0.29921875 0.084375
2 0.85078125 0.74296875 0.29453125 0.0859375
2 0.8609375 0.77109375 0.275 0.0875