2 0.42265625 0.3671875 0.50859375 0.06484375
2 0.4265625 0.3859375 0.51015625 0.0625
2 0.43125 0.40703125 0.49375 0.06015625
2 0.42421875 0.42421875 0.50234375 0.059375
2 0.43203125 0.44375 0.5046875 0.05625
2 0.42890625 0.46171875 0.50859375 0.053125
2 0.425 0.478125 0.50078125 0.0515625
2 0.43125 0.49609375 0.496875 0.05390625
2 0.434375 0.5125 0.49296875 0.0484375
2 0.43515625 0.53046875 0.4984375 0.04765625
2 0.43125 0.55 0.5 0.05546875
2 0.43046875 0.56953125 0.4859375 0.053125
2 0.4265625 0.5859375 0.48515625 0.05078125
2 0.42890625 0.61171875 0.49140625 0.06328125
2 0.43828125 0.6375 0.4796875 0.06796875
2 0.4375 0.65703125 0.48125 0.0640625
2 0.77734375 0.640625 0.24765625 0.034375
2 0.7828125 0.62578125 0.23984375 0.0375
2 0.7765625 0.61015625 0.228125 0.03671875
2 0.7703125 0.59453125 0.2234375 0.0296875
2 0.78046875 0.58046875 0.21484375 0.028125
2 0.784375 0.565625 0.2078125 0.02734375
2 0.78203125 0.54921875 0.20390625 0.0234375
2 0.77890625 0.534375 0.22734375 0.02265625
2 0.7859375 0.5171875 0.2140625 0.0203125
2 0.77578125 0.50078125 0.2125 0.02265625
2 0.771875 0.48359375 0.20546875 0.0265625
2 0.77109375 0.4671875 0.19921875 0.03046875
2 0.765625 0.4515625 0.209375 0.03203125
2 0.7640625 0.4328125 0.2125 0.0421875
2 0.76640625 0.41875 0.20859375 0.03828125
2 0.7671875 0.4 0.2171875 0.0421875
2 0.94140625 0.61953125 0.11328125 0.025
2 0.93671875 0.60546875 0.12265625 0.02578125
2 0.9328125 0.5890625 0.134375 0.0171875
2 0.93359375 0.57890625 0.1328125 0.01796875
2 0.934375 0.56640625 0.13125 0.0234375
2 0.934375 0.55546875 0.13125 0.0203125
2 0.93671875 0.54296875 0.1265625 0.02734375
2 0.93671875 0.53046875 0.1265625 0.02734375
2 0.93046875 0.51484375 0.1390625 0.0359375
2 0.92890625 0.496875 0.1421875 0.03125
2 0.92734375 0.4828125 0.1453125 0.034375
2 0.9265625 0.4703125 0.14609375 0.02734375
2 0.91640625 0.4546875 0.1140625 0.021875
2 0.90859375 0.44296875 0.1359375 0.028125