2 0.30546875 0.46875 0.1421875 0.39921875
2 0.3515625 0.4703125 0.1421875 0.39765625
2 0.390625 0.48046875 0.13671875 0.40078125
2 0.4234375 0.48671875 0.11796875 0.39921875
2 0.46015625 0.4875 0.10390625 0.4
2 0.484375 0.490625 0.109375 0.4046875
2 0.51640625 0.49296875 0.10703125 0.403125
2 0.5421875 0.496875 0.10390625 0.4046875
2 0.57109375 0.50078125 0.1078125 0.4015625
2 0.60078125 0.50625 0.1 0.4046875
2 0.6296875 0.5046875 0.1 0.41015625
2 0.6578125 0.509375 0.10546875 0.41484375
2 0.68828125 0.51875 0.103125 0.40859375
2 0.71484375 0.51953125 0.11171875 0.409375
2 0.74609375 0.52421875 0.10546875 0.415625
2 0.77734375 0.528125 0.1109375 0.409375
2 0.8046875 0.2421875 0.0546875 0.1953125
2 0.78125 0.2375 0.05625 0.1953125
2 0.74921875 0.24140625 0.059375 0.1890625
2 0.725 0.23828125 0.0609375 0.1890625
2 0.69765625 0.23046875 0.0671875 0.18203125
2 0.6703125 0.22578125 0.07734375 0.18046875
2 0.6453125 0.2203125 0.08046875 0.18515625
2 0.621875 0.2109375 0.07734375 0.18515625
2 0.59140625 0.20546875 0.08359375 0.18046875
2 0.56328125 0.20625 0.084375 0.17734375
2 0.53984375 0.2015625 0.09296875 0.18203125
2 0.5125 0.2015625 0.0953125 0.1828125
2 0.48828125 0.203125 0.08984375 0.18046875
2 0.4625 0.19375 0.10390625 0.1796875
2 0.43828125 0.17890625 0.10078125 0.1765625
2 0.41328125 0.1796875 0.103125 0.175
2 0.4859375 0.0515625 0.06640625 0.103125
2 0.50859375 0.06015625 0.071875 0.11953125
2 0.53359375 0.06328125 0.0546875 0.12578125
2 0.54765625 0.0640625 0.0546875 0.128125
2 0.57421875 0.06640625 0.05078125 0.13203125
2 0.590625 0.0671875 0.04921875 0.13359375
2 0.61015625 0.06640625 0.0453125 0.1328125
2 0.63046875 0.0703125 0.04921875 0.121875
2 0.65546875 0.07109375 0.053125 0.1421875
2 0.684375 0.075 0.04609375 0.14375
2 0.70625 0.0765625 0.0546875 0.153125
2 0.728125 0.0796875 0.059375 0.15859375
2 0.74453125 0.10859375 0.0453125 0.1140625
2 0.76875 0.11015625 0.0421875 0.10546875