2 0.44140625 0.38046875 0.521875 0.04375
2 0.43984375 0.40078125 0.52421875 0.0390625
2 0.44140625 0.4171875 0.5125 0.03828125
2 0.4359375 0.43828125 0.51640625 0.0375
2 0.44609375 0.4546875 0.51875 0.03671875
2 0.440625 0.471875 0.51796875 0.03515625
2 0.43515625 0.4875 0.5109375 0.040625
2 0.4375 0.50546875 0.50703125 0.0421875
2 0.43984375 0.52421875 0.51015625 0.04453125
2 0.4390625 0.53984375 0.51328125 0.0515625
2 0.43359375 0.55390625 0.51640625 0.0546875
2 0.43046875 0.57265625 0.50234375 0.059375
2 0.4265625 0.5921875 0.50234375 0.05546875
2 0.4328125 0.6109375 0.51484375 0.06875
2 0.43125 0.634375 0.4984375 0.06640625
2 0.42734375 0.6515625 0.49453125 0.07109375
2 0.78203125 0.60859375 0.26015625 0.04765625
2 0.79296875 0.59609375 0.2515625 0.05078125
2 0.78359375 0.5796875 0.24765625 0.05234375
2 0.7890625 0.5671875 0.22421875 0.04375
2 0.7921875 0.55390625 0.2234375 0.04296875
2 0.79609375 0.5390625 0.21640625 0.03828125
2 0.7984375 0.52734375 0.21640625 0.0390625
2 0.80234375 0.51015625 0.2234375 0.0359375
2 0.80234375 0.49453125 0.21953125 0.034375
2 0.79609375 0.4796875 0.2203125 0.034375
2 0.79609375 0.46484375 0.21875 0.03046875
2 0.7953125 0.44921875 0.21015625 0.028125
2 0.790625 0.434375 0.22265625 0.025
2 0.78984375 0.42109375 0.2328125 0.021875
2 0.7984375 0.4046875 0.22734375 0.02421875
2 0.7953125 0.3875 0.2203125 0.025
2 0.94609375 0.5765625 0.10390625 0.0265625
2 0.9421875 0.5640625 0.1109375 0.0296875
2 0.94140625 0.5515625 0.1125 0.02421875
2 0.94296875 0.540625 0.11015625 0.01953125
2 0.9421875 0.528125 0.11015625 0.0203125
2 0.94453125 0.51875 0.10703125 0.0203125
2 0.94609375 0.50703125 0.1078125 0.02109375
2 0.9484375 0.49453125 0.0984375 0.01875
2 0.9453125 0.478125 0.109375 0.021875
2 0.94375 0.46484375 0.1125 0.02109375
2 0.94140625 0.45 0.1171875 0.0234375
2 0.93671875 0.43671875 0.1265625 0.021875
2 0.9421875 0.4265625 0.11484375 0.01796875
2 0.9421875 0.41640625 0.11484375 0.01875