2 0.60390625 0.25234375 0.44296875 0.0765625
2 0.6046875 0.28046875 0.43984375 0.0671875
2 0.6015625 0.31328125 0.43125 0.06796875
2 0.60703125 0.34296875 0.4328125 0.06015625
2 0.59921875 0.371875 0.43515625 0.05703125
2 0.60234375 0.4046875 0.4359375 0.053125
2 0.603125 0.43359375 0.43203125 0.05546875
2 0.603125 0.46328125 0.43046875 0.065625
2 0.603125 0.4953125 0.43203125 0.06953125
2 0.60078125 0.5234375 0.43359375 0.06953125
2 0.603125 0.55625 0.43984375 0.08046875
2 0.60703125 0.5875 0.4296875 0.084375
2 0.60859375 0.6203125 0.428125 0.08515625
2 0.6046875 0.65 0.4328125 0.103125
2 0.6015625 0.68828125 0.4203125 0.10703125
2 0.6046875 0.721875 0.4203125 0.109375
2 0.29765625 0.65625 0.23046875 0.08046875
2 0.29296875 0.634375 0.22578125 0.08125
2 0.29765625 0.60703125 0.2171875 0.08046875
2 0.30234375 0.5796875 0.21171875 0.06796875
2 0.2984375 0.55703125 0.21875 0.0734375
2 0.2875 0.5359375 0.19140625 0.07109375
2 0.28984375 0.51171875 0.19609375 0.0671875
2 0.2859375 0.48203125 0.2 0.06328125
2 0.2828125 0.45234375 0.19453125 0.059375
2 0.2921875 0.42734375 0.19921875 0.05078125
2 0.2921875 0.40234375 0.19921875 0.05234375
2 0.29609375 0.37421875 0.18828125 0.05
2 0.2984375 0.34453125 0.2 0.03984375
2 0.3 0.321875 0.203125 0.0375
2 0.29609375 0.29296875 0.1984375 0.040625
2 0.296875 0.26171875 0.19921875 0.0484375
2 0.15390625 0.315625 0.11484375 0.03828125
2 0.153125 0.33984375 0.11796875 0.03359375
2 0.12890625 0.35625 0.16875 0.040625
2 0.12265625 0.378125 0.1796875 0.05
2 0.1296875 0.40390625 0.1625 0.04453125
2 0.128125 0.4296875 0.15 0.046875
2 0.1328125 0.4546875 0.1265625 0.03515625
2 0.12734375 0.4765625 0.1515625 0.03203125
2 0.12421875 0.49921875 0.15546875 0.03515625
2 0.12890625 0.5171875 0.1484375 0.0359375
2 0.13203125 0.53828125 0.14609375 0.034375
2 0.12421875 0.55625 0.13203125 0.0390625
2 0.125 0.57734375 0.14765625 0.05625
2 0.125 0.60078125 0.1421875 0.053125
2 0.03828125 0.53828125 0.0609375 0.03828125
2 0.04140625 0.50546875 0.04765625 0.03515625
2 0.8890625 0.3953125 0.08671875 0.01796875
2 0.89140625 0.38515625 0.08359375 0.01015625
2 0.89296875 0.3765625 0.0828125 0.0078125
2 0.896875 0.36796875 0.08359375 0.0109375
2 0.896875 0.35546875 0.084375 0.01875