2 0.3859375 0.553125 0.45625 0.08203125
2 0.3796875 0.5375 0.45703125 0.084375
2 0.371875 0.5203125 0.465625 0.08515625
2 0.36015625 0.5046875 0.46171875 0.07734375
2 0.35703125 0.49140625 0.4671875 0.0734375
2 0.3546875 0.478125 0.48359375 0.07578125
2 0.34921875 0.46484375 0.4703125 0.0734375
2 0.33671875 0.44921875 0.46640625 0.0703125
2 0.3359375 0.4390625 0.471875 0.07265625
2 0.32734375 0.42578125 0.47265625 0.07578125
2 0.325 0.4140625 0.4796875 0.07734375
2 0.325 0.39921875 0.4859375 0.07578125
2 0.309375 0.38828125 0.46875 0.07578125
2 0.30390625 0.375 0.475 0.07734375
2 0.29609375 0.3609375 0.48046875 0.0796875
2 0.28984375 0.34453125 0.48046875 0.08046875
2 0.709375 0.4953125 0.23828125 0.05859375
2 0.7046875 0.48359375 0.23984375 0.0625
2 0.6921875 0.4734375 0.23125 0.059375
2 0.68203125 0.46171875 0.21875 0.0578125
2 0.68203125 0.453125 0.221875 0.05625
2 0.690625 0.43828125 0.20703125 0.05078125
2 0.68046875 0.42578125 0.2078125 0.04921875
2 0.67578125 0.4140625 0.21796875 0.0515625
2 0.67265625 0.4 0.215625 0.04765625
2 0.659375 0.3890625 0.2125 0.04609375
2 0.653125 0.37734375 0.21015625 0.04609375
2 0.6421875 0.365625 0.2015625 0.04140625
2 0.63203125 0.353125 0.2140625 0.04140625
2 0.6265625 0.34140625 0.22109375 0.03984375
2 0.6265625 0.328125 0.21796875 0.0375
2 0.6171875 0.3171875 0.2171875 0.0421875
2 0.88046875 0.4515625 0.14765625 0.03828125
2 0.8703125 0.440625 0.1609375 0.03984375
2 0.85859375 0.43203125 0.159375 0.03828125
2 0.85390625 0.42421875 0.15390625 0.0328125
2 0.853125 0.4125 0.1578125 0.0328125
2 0.85546875 0.40390625 0.175 0.034375
2 0.85 0.396875 0.1609375 0.03515625
2 0.83515625 0.38671875 0.14140625 0.03046875
2 0.8328125 0.37421875 0.16171875 0.03046875
2 0.8234375 0.3625 0.1734375 0.03046875
2 0.8296875 0.3484375 0.19765625 0.03203125
2 0.81875 0.3375 0.18125 0.0359375
2 0.7828125 0.33515625 0.12109375 0.02890625
2 0.784375 0.3171875 0.1296875 0.03125