2 0.25625 0.40625 0.51171875 0.14765625
2 0.26484375 0.42734375 0.52265625 0.1546875
2 0.278125 0.44140625 0.50859375 0.1484375
2 0.2859375 0.46015625 0.51875 0.15
2 0.3015625 0.478125 0.50859375 0.15546875
2 0.31015625 0.49609375 0.5171875 0.15546875
2 0.31328125 0.51328125 0.5109375 0.159375
2 0.32421875 0.53125 0.51015625 0.1625
2 0.33515625 0.55078125 0.50390625 0.165625
2 0.34296875 0.565625 0.5140625 0.1671875
2 0.34765625 0.5828125 0.50859375 0.17109375
2 0.35625 0.60234375 0.50703125 0.16875
2 0.35859375 0.61796875 0.50078125 0.171875
2 0.3703125 0.63671875 0.49453125 0.18515625
2 0.390625 0.65703125 0.49375 0.17734375
2 0.3953125 0.68046875 0.48046875 0.1734375
2 0.596875 0.33359375 0.2109375 0.05703125
2 0.60703125 0.34921875 0.20625 0.06484375
2 0.61015625 0.36640625 0.2140625 0.06484375
2 0.61484375 0.3796875 0.2015625 0.06953125
2 0.6328125 0.39453125 0.1921875 0.06875
2 0.63984375 0.40859375 0.19609375 0.07265625
2 0.646875 0.42265625 0.2 0.08125
2 0.65390625 0.4359375 0.2078125 0.084375
2 0.66953125 0.45078125 0.1953125 0.0828125
2 0.67734375 0.46875 0.19296875 0.08203125
2 0.68828125 0.4828125 0.18828125 0.0859375
2 0.6875 0.496875 0.190625 0.09375
2 0.69140625 0.5109375 0.18359375 0.090625
2 0.69453125 0.525 0.20390625 0.09765625
2 0.709375 0.540625 0.21796875 0.10234375
2 0.71015625 0.5546875 0.21953125 0.09921875
2 0.85703125 0.47734375 0.128125 0.05625
2 0.84140625 0.46328125 0.1515625 0.06640625
2 0.83671875 0.44609375 0.1515625 0.07734375
2 0.828125 0.44609375 0.14296875 0.05703125
2 0.82734375 0.4328125 0.140625 0.05390625
2 0.8296875 0.421875 0.15546875 0.05078125
2 0.8171875 0.41015625 0.14375 0.04765625
2 0.80703125 0.40078125 0.12265625 0.04375
2 0.80390625 0.38828125 0.1421875 0.053125
2 0.7921875 0.3734375 0.15390625 0.046875
2 0.7953125 0.359375 0.17734375 0.05546875
2 0.78359375 0.34765625 0.1640625 0.05390625
2 0.7515625 0.34375 0.1109375 0.04609375
2 0.74609375 0.33046875 0.1171875 0.0421875