2 0.60234375 0.25078125 0.44453125 0.07890625
2 0.60625 0.2828125 0.4484375 0.0734375
2 0.6015625 0.31484375 0.45078125 0.0671875
2 0.60625 0.3453125 0.43515625 0.075
2 0.59921875 0.378125 0.440625 0.06484375
2 0.59921875 0.40546875 0.45 0.0625
2 0.60234375 0.43203125 0.4421875 0.0671875
2 0.603125 0.46484375 0.43984375 0.075
2 0.6046875 0.49609375 0.434375 0.07578125
2 0.603125 0.52421875 0.44375 0.075
2 0.60625 0.55625 0.4453125 0.08359375
2 0.60625 0.58671875 0.43828125 0.09296875
2 0.60625 0.61796875 0.43515625 0.09140625
2 0.60546875 0.65078125 0.43671875 0.11015625
2 0.60234375 0.6890625 0.4265625 0.11484375
2 0.6046875 0.7234375 0.42421875 0.10625
2 0.296875 0.6578125 0.23359375 0.0796875
2 0.290625 0.634375 0.23046875 0.08359375
2 0.3 0.60625 0.2203125 0.08359375
2 0.30234375 0.58046875 0.21328125 0.06875
2 0.3 0.55859375 0.21796875 0.07421875
2 0.2890625 0.534375 0.2 0.0703125
2 0.28828125 0.50859375 0.19765625 0.0640625
2 0.28515625 0.4828125 0.2078125 0.06484375
2 0.2859375 0.4515625 0.19921875 0.05546875
2 0.29453125 0.42734375 0.203125 0.06171875
2 0.2921875 0.39921875 0.2 0.05703125
2 0.29453125 0.3734375 0.18828125 0.05
2 0.30078125 0.34609375 0.2046875 0.0421875
2 0.30078125 0.3203125 0.20859375 0.046875
2 0.29375 0.29296875 0.2140625 0.046875
2 0.2984375 0.2640625 0.20625 0.05
2 0.17109375 0.296875 0.184375 0.0453125
2 0.15546875 0.31796875 0.11328125 0.0375
2 0.1578125 0.3390625 0.115625 0.034375
2 0.13125 0.3609375 0.17109375 0.0484375
2 0.1234375 0.38203125 0.18046875 0.05
2 0.13203125 0.4046875 0.16171875 0.046875
2 0.128125 0.43046875 0.1546875 0.053125
2 0.1328125 0.453125 0.1375 0.0390625
2 0.12734375 0.4765625 0.15625 0.03515625
2 0.125 0.49921875 0.1625 0.0375
2 0.13046875 0.52109375 0.153125 0.04140625
2 0.13046875 0.5390625 0.14609375 0.04296875
2 0.1234375 0.55625 0.1453125 0.04140625
2 0.12578125 0.5796875 0.153125 0.05703125
2 0.12265625 0.60234375 0.14453125 0.05546875
2 0.0453125 0.5125 0.0578125 0.04921875
2 0.040625 0.54453125 0.06875 0.05546875