2 0.3953125 0.61328125 0.42421875 0.05859375
2 0.39921875 0.59765625 0.42734375 0.05625
2 0.4015625 0.578125 0.44609375 0.05703125
2 0.39375 0.56171875 0.43359375 0.04609375
2 0.3953125 0.54453125 0.4328125 0.04609375
2 0.39609375 0.528125 0.44140625 0.03984375
2 0.40078125 0.51171875 0.43671875 0.03671875
2 0.39765625 0.4984375 0.43046875 0.03671875
2 0.3984375 0.4828125 0.4359375 0.03515625
2 0.39453125 0.46875 0.434375 0.03125
2 0.40078125 0.453125 0.440625 0.0296875
2 0.40390625 0.43671875 0.45 0.0296875
2 0.3953125 0.42265625 0.43828125 0.0296875
2 0.4015625 0.40703125 0.44921875 0.034375
2 0.3953125 0.3921875 0.44296875 0.03203125
2 0.39609375 0.37265625 0.44609375 0.0390625
2 0.70546875 0.58046875 0.225 0.0390625
2 0.71015625 0.56796875 0.2296875 0.04296875
2 0.70234375 0.55546875 0.21484375 0.040625
2 0.696875 0.5421875 0.2125 0.03671875
2 0.7 0.52890625 0.22265625 0.0359375
2 0.71328125 0.5171875 0.19453125 0.034375
2 0.7125 0.50390625 0.19609375 0.034375
2 0.715625 0.48984375 0.20078125 0.03125
2 0.7171875 0.47578125 0.20078125 0.03359375
2 0.70703125 0.4625 0.2015625 0.03125
2 0.70625 0.44921875 0.190625 0.02734375
2 0.70390625 0.43515625 0.1875 0.025
2 0.69921875 0.42109375 0.20234375 0.02265625
2 0.69921875 0.4078125 0.20625 0.01796875
2 0.70234375 0.39453125 0.20390625 0.021875
2 0.70390625 0.3796875 0.19921875 0.0234375
2 0.875 0.553125 0.140625 0.0265625
2 0.875 0.53984375 0.153125 0.03125
2 0.86796875 0.5296875 0.15078125 0.021875
2 0.8703125 0.51953125 0.14765625 0.01875
2 0.8703125 0.509375 0.1515625 0.01875
2 0.87578125 0.49921875 0.1578125 0.01796875
2 0.8765625 0.4890625 0.1578125 0.0171875
2 0.86796875 0.47734375 0.128125 0.0171875
2 0.871875 0.465625 0.153125 0.021875
2 0.86640625 0.45 0.15625 0.02109375
2 0.87578125 0.4390625 0.18203125 0.0234375
2 0.87109375 0.42578125 0.1671875 0.01796875
2 0.84375 0.415625 0.115625 0.0140625
2 0.84375 0.40546875 0.1125 0.015625
2 0.95625 0.503125 0.05234375 0.0171875
2 0.95625 0.51328125 0.05234375 0.01953125
2 0.9625 0.52109375 0.059375 0.02109375