2 0.5171875 0.3796875 0.965625 0.284375
2 0.521875 0.46796875 0.95546875 0.24140625
2 0.53203125 0.52890625 0.9359375 0.2671875
2 0.5375 0.590625 0.92421875 0.2671875
2 0.5453125 0.64140625 0.90859375 0.2609375
2 0.5578125 0.69453125 0.88046875 0.2609375
2 0.55703125 0.7375 0.859375 0.27734375
2 0.5625 0.7671875 0.84921875 0.24609375
2 0.55078125 0.803125 0.8375 0.26484375
2 0.54921875 0.825 0.81015625 0.30390625
2 0.5515625 0.853125 0.8203125 0.29375
2 0.6875 0.87265625 0.625 0.2546875
2 0.1109375 0.584375 0.1421875 0.15390625
2 0.10625 0.625 0.12578125 0.153125