2 0.60859375 0.2671875 0.7828125 0.51015625
2 0.5984375 0.36484375 0.803125 0.490625
2 0.58359375 0.44921875 0.8328125 0.4859375
2 0.58515625 0.53515625 0.8296875 0.48046875
2 0.58828125 0.6125 0.8234375 0.4578125
2 0.55390625 0.6984375 0.7828125 0.46328125
2 0.56875 0.9234375 0.684375 0.1265625
2 0.6796875 0.953125 0.434375 0.09296875
2 0.15625 0.48671875 0.10234375 0.2671875
2 0.1359375 0.5390625 0.08203125 0.2453125
2 0.20625 0.73828125 0.1 0.32421875
2 0.1875 0.740625 0.109375 0.30625
2 0.159375 0.76796875 0.084375 0.221875
2 0.1421875 0.78984375 0.04375 0.15078125