2 0.49296875 0.7953125 0.94453125 0.18671875
2 0.478125 0.86171875 0.95625 0.2015625
2 0.471875 0.9109375 0.94375 0.178125
2 0.4671875 0.72109375 0.934375 0.1890625
2 0.3796875 0.703125 0.759375 0.16875
2 0.459375 0.61015625 0.91875 0.11328125
2 0.4546875 0.5015625 0.909375 0.134375
2 0.4234375 0.43203125 0.846875 0.1171875
2 0.45546875 0.3578125 0.9109375 0.14140625
2 0.48046875 0.28671875 0.9609375 0.16015625
2 0.4015625 0.19921875 0.803125 0.17265625
2 0.409375 0.1703125 0.6875 0.12734375
2 0.36875 0.09140625 0.73671875 0.115625