2 0.54453125 0.55234375 0.3234375 0.6015625
2 0.8375 0.29375 0.325 0.21484375
2 0.78984375 0.13203125 0.415625 0.26328125
2 0.3 0.04140625 0.6 0.0828125
2 0.296875 0.128125 0.59375 0.1578125
2 0.29140625 0.234375 0.5828125 0.21171875
2 0.290625 0.33203125 0.58125 0.24765625
2 0.275 0.43046875 0.55 0.28515625
2 0.2140625 0.53828125 0.42734375 0.21171875
2 0.23203125 0.61484375 0.4640625 0.2171875
2 0.22578125 0.66328125 0.4515625 0.22578125
2 0.24296875 0.72421875 0.4859375 0.22578125
2 0.23671875 0.7640625 0.4734375 0.221875