2 0.415625 0.87421875 0.18125 0.2515625
2 0.6390625 0.63046875 0.52578125 0.3359375
2 0.190625 0.39296875 0.0953125 0.58046875
2 0.2671875 0.3859375 0.14765625 0.56875
2 0.36796875 0.38125 0.175 0.55546875
2 0.4421875 0.37578125 0.21953125 0.55703125
2 0.5171875 0.36953125 0.2609375 0.5546875
2 0.62578125 0.29609375 0.18359375 0.40078125
2 0.67734375 0.30546875 0.20546875 0.41953125
2 0.73125 0.30546875 0.20390625 0.44375
2 0.7875 0.31015625 0.19296875 0.44453125
2 0.7890625 0.3015625 0.19296875 0.45546875