2 0.2734375 0.1125 0.546875 0.225
2 0.21328125 0.26328125 0.4265625 0.27890625
2 0.609375 0.59609375 0.32109375 0.77265625
2 0.76015625 0.0828125 0.47890625 0.165625
2 0.76875 0.19140625 0.4625 0.246875
2 0.77578125 0.30078125 0.44765625 0.2859375
2 0.796875 0.40859375 0.40625 0.30703125
2 0.86171875 0.54140625 0.27578125 0.23046875
2 0.84765625 0.61171875 0.30390625 0.265625
2 0.8546875 0.68515625 0.28984375 0.24375
2 0.8515625 0.76171875 0.296875 0.2453125
2 0.84453125 0.80625 0.3109375 0.25625