2 0.1 0.7484375 0.13359375 0.503125
2 0.16875 0.740625 0.15625 0.51875
2 0.23671875 0.7484375 0.17421875 0.503125
2 0.29609375 0.73203125 0.196875 0.53515625
2 0.37109375 0.70859375 0.21796875 0.58203125
2 0.43515625 0.71171875 0.24765625 0.5765625
2 0.4984375 0.69921875 0.2625 0.6015625
2 0.55546875 0.70078125 0.28359375 0.5984375
2 0.609375 0.69140625 0.29765625 0.61640625
2 0.66953125 0.68125 0.30859375 0.63671875
2 0.715625 0.66171875 0.32421875 0.63515625
2 0.42890625 0.3265625 0.35703125 0.3125
2 0.39453125 0.23203125 0.3078125 0.34609375