2 0.315625 0.13046875 0.63125 0.26015625
2 0.3578125 0.1875 0.66796875 0.2734375
2 0.3625 0.27265625 0.61875 0.28203125
2 0.390625 0.3765625 0.640625 0.2828125
2 0.43125 0.4703125 0.65625 0.30390625
2 0.453125 0.5765625 0.640625 0.3234375
2 0.490625 0.66796875 0.64375 0.346875
2 0.5109375 0.76171875 0.60625 0.35546875
2 0.54296875 0.825 0.6484375 0.34921875
2 0.6515625 0.8671875 0.43828125 0.26484375
2 0.734375 0.9125 0.328125 0.175
2 0.88828125 0.546875 0.2234375 0.465625
2 0.83203125 0.59609375 0.3359375 0.55859375
2 0.09765625 0.48515625 0.0796875 0.0765625
2 0.11484375 0.53203125 0.08828125 0.05546875
2 0.12109375 0.56484375 0.065625 0.05703125
2 0.13359375 0.596875 0.06875 0.0515625
2 0.14921875 0.625 0.0828125 0.046875
2 0.16328125 0.65546875 0.07421875 0.05703125
2 0.17734375 0.68671875 0.07421875 0.05859375
2 0.02890625 0.28046875 0.05703125 0.04921875
2 0.0296875 0.30703125 0.059375 0.053125
2 0.03984375 0.33125 0.07890625 0.05546875
2 0.04609375 0.35703125 0.0921875 0.059375
2 0.04765625 0.3828125 0.0953125 0.06640625
2 0.05078125 0.40703125 0.1015625 0.065625
2 0.05078125 0.4359375 0.1015625 0.06953125
2 0.05625 0.4625 0.1125 0.06875
2 0.06328125 0.4859375 0.1265625 0.071875
2 0.03828125 0.5171875 0.0765625 0.05625
2 0.04609375 0.54375 0.0921875 0.06328125
2 0.04765625 0.565625 0.0953125 0.071875
2 0.059375 0.5890625 0.1 0.06328125
2 0.06484375 0.6140625 0.09609375 0.06171875