2 0.64921875 0.94140625 0.6515625 0.11640625
2 0.6203125 0.88125 0.653125 0.17578125
2 0.6171875 0.821875 0.66328125 0.1890625
2 0.61328125 0.72421875 0.6671875 0.196875
2 0.61953125 0.67421875 0.6828125 0.18359375
2 0.609375 0.5921875 0.69609375 0.18828125
2 0.59609375 0.49375 0.72578125 0.15859375
2 0.57109375 0.396875 0.7328125 0.14921875
2 0.53671875 0.29921875 0.75859375 0.17265625
2 0.53984375 0.18515625 0.8140625 0.1578125
2 0.55859375 0.0796875 0.8359375 0.159375
2 0.95859375 0.665625 0.0828125 0.55
2 0.11328125 0.42578125 0.090625 0.05390625
2 0.115625 0.45234375 0.06796875 0.05078125
2 0.12109375 0.4890625 0.075 0.03046875
2 0.12421875 0.51484375 0.05859375 0.02421875
2 0.1375 0.540625 0.071875 0.0296875
2 0.14140625 0.565625 0.06875 0.0265625
2 0.15234375 0.5953125 0.065625 0.03515625
2 0.053125 0.23046875 0.10546875 0.03515625
2 0.0578125 0.25390625 0.115625 0.03515625
2 0.06015625 0.27421875 0.1203125 0.03984375
2 0.0671875 0.29453125 0.134375 0.0375
2 0.0703125 0.31640625 0.140625 0.040625
2 0.07734375 0.33984375 0.1546875 0.0421875
2 0.06953125 0.3578125 0.1390625 0.040625
2 0.06484375 0.375 0.1296875 0.04375
2 0.07421875 0.39921875 0.1484375 0.0453125
2 0.0453125 0.4203125 0.08984375 0.04375
2 0.04609375 0.43671875 0.0921875 0.0328125
2 0.05 0.45625 0.1 0.03359375
2 0.05078125 0.4765625 0.1015625 0.04375
2 0.05390625 0.49296875 0.1 0.040625
2 0.05625 0.51640625 0.08984375 0.03828125