2 0.09765625 0.43515625 0.1375 0.35390625
2 0.89765625 0.73828125 0.20390625 0.2515625
2 0.20625 0.434375 0.20078125 0.36328125
2 0.434375 0.878125 0.646875 0.21796875
2 0.46015625 0.80625 0.62578125 0.20234375
2 0.484375 0.73359375 0.59140625 0.1578125
2 0.48828125 0.671875 0.6046875 0.16015625
2 0.48671875 0.609375 0.590625 0.13515625
2 0.49140625 0.546875 0.57734375 0.1140625
2 0.503125 0.49296875 0.5453125 0.09296875
2 0.52109375 0.43984375 0.53125 0.0953125
2 0.53671875 0.39453125 0.53984375 0.0671875
2 0.54140625 0.34296875 0.521875 0.06875
2 0.54296875 0.28828125 0.50859375 0.08359375
2 0.87734375 0.84140625 0.153125 0.04375
2 0.87890625 0.82890625 0.15390625 0.03671875
2 0.87734375 0.8125 0.1421875 0.03828125
2 0.8828125 0.796875 0.15625 0.0375
2 0.88203125 0.78125 0.15703125 0.0375
2 0.88359375 0.76875 0.15546875 0.0359375
2 0.8875 0.75390625 0.14921875 0.03671875
2 0.8890625 0.7375 0.1453125 0.03515625
2 0.88984375 0.72421875 0.14296875 0.03515625
2 0.91171875 0.7140625 0.09921875 0.028125
2 0.9125 0.69921875 0.09609375 0.02734375
2 0.915625 0.68515625 0.09765625 0.03203125
2 0.9171875 0.67109375 0.09296875 0.02890625
2 0.91640625 0.65703125 0.09140625 0.02890625
2 0.91796875 0.64140625 0.0875 0.0328125
2 0.84921875 0.5796875 0.05859375 0.02421875
2 0.85234375 0.596875 0.0578125 0.028125
2 0.853125 0.6140625 0.05703125 0.02265625
2 0.85546875 0.6328125 0.05234375 0.028125
2 0.85234375 0.65078125 0.0578125 0.0234375
2 0.85078125 0.67109375 0.06015625 0.02734375
2 0.84921875 0.69609375 0.0546875 0.03828125