2 0.6125 0.90234375 0.55078125 0.19140625
2 0.60546875 0.86328125 0.5234375 0.27265625
2 0.0828125 0.365625 0.165625 0.73046875
2 0.17265625 0.3640625 0.1703125 0.728125
2 0.26875 0.35859375 0.178125 0.7171875
2 0.36328125 0.3734375 0.2234375 0.746875
2 0.453125 0.38359375 0.2375 0.7671875
2 0.553125 0.38125 0.240625 0.7625
2 0.62890625 0.39140625 0.2578125 0.7828125
2 0.7234375 0.3859375 0.275 0.771875
2 0.7953125 0.3953125 0.30859375 0.790625
2 0.8625 0.4484375 0.271875 0.70078125
2 0.8953125 0.50546875 0.20546875 0.62734375