2 0.45546875 0.6234375 0.4921875 0.17265625
2 0.46015625 0.565625 0.47265625 0.1625
2 0.4578125 0.51171875 0.46875 0.1625
2 0.45390625 0.4578125 0.4828125 0.1609375
2 0.465625 0.3921875 0.509375 0.1375
2 0.465625 0.32890625 0.51328125 0.146875
2 0.45703125 0.25703125 0.52109375 0.14296875
2 0.44296875 0.1796875 0.540625 0.12109375
2 0.434375 0.1 0.54609375 0.10859375
2 0.4265625 0.0390625 0.5890625 0.078125
2 0.7546875 0.39609375 0.175 0.41484375
2 0.8296875 0.38828125 0.2015625 0.39140625
2 0.1109375 0.18984375 0.0578125 0.04375
2 0.1109375 0.21875 0.0609375 0.03125
2 0.11484375 0.2453125 0.05859375 0.028125
2 0.11484375 0.26796875 0.05 0.0203125
2 0.121875 0.2875 0.0578125 0.0234375
2 0.1265625 0.3078125 0.05625 0.02265625
2 0.13359375 0.33046875 0.05234375 0.02265625
2 0.0578125 0.02265625 0.115625 0.0296875
2 0.0578125 0.04453125 0.115625 0.03125
2 0.0609375 0.0609375 0.12109375 0.02734375
2 0.065625 0.078125 0.13125 0.03125
2 0.071875 0.09765625 0.14375 0.0328125
2 0.0734375 0.11484375 0.146875 0.03515625
2 0.0671875 0.1296875 0.134375 0.03125
2 0.06953125 0.15078125 0.1390625 0.0328125
2 0.06484375 0.16640625 0.12890625 0.03515625
2 0.046875 0.18203125 0.090625 0.03359375
2 0.05 0.2 0.0921875 0.0234375
2 0.05078125 0.2171875 0.09375 0.0328125
2 0.05234375 0.23359375 0.090625 0.0265625
2 0.05625 0.25234375 0.08046875 0.025
2 0.059375 0.27109375 0.08515625 0.0359375