2 0.43203125 0.934375 0.8640625 0.13046875
2 0.3609375 0.86328125 0.721875 0.13828125
2 0.42109375 0.80078125 0.8421875 0.14609375
2 0.41328125 0.73828125 0.8265625 0.134375
2 0.41640625 0.67109375 0.8328125 0.1296875
2 0.415625 0.60625 0.83125 0.125
2 0.40703125 0.5390625 0.81328125 0.1140625
2 0.40546875 0.4828125 0.8109375 0.140625
2 0.40546875 0.4265625 0.8109375 0.13125
2 0.4125 0.3703125 0.82421875 0.11953125
2 0.403125 0.30859375 0.80625 0.1515625
2 0.46640625 0.25390625 0.62734375 0.1140625
2 0.38359375 0.23359375 0.76640625 0.17421875
2 0.396875 0.1765625 0.79296875 0.18125
2 0.3953125 0.134375 0.790625 0.178125
2 0.396875 0.09375 0.77109375 0.18203125
2 0.3953125 0.07578125 0.765625 0.1515625
2 0.88359375 0.34375 0.2328125 0.084375
2 0.8734375 0.309375 0.253125 0.08515625
2 0.8734375 0.2609375 0.253125 0.0859375
2 0.871875 0.2015625 0.25546875 0.11171875
2 0.87421875 0.15234375 0.25078125 0.0890625
2 0.878125 0.09921875 0.24296875 0.08671875
2 0.8765625 0.0546875 0.246875 0.084375