2 0.4 0.890625 0.73359375 0.11328125
2 0.4109375 0.8390625 0.728125 0.11953125
2 0.3828125 0.7953125 0.6953125 0.1140625
2 0.40859375 0.74609375 0.68828125 0.0953125
2 0.4078125 0.7 0.65078125 0.09140625
2 0.41484375 0.65234375 0.64765625 0.09609375
2 0.415625 0.61484375 0.6578125 0.1046875
2 0.4 0.57109375 0.68359375 0.10859375
2 0.396875 0.52578125 0.6609375 0.109375
2 0.39921875 0.4875 0.6515625 0.1203125
2 0.396875 0.44375 0.65078125 0.128125
2 0.35 0.40078125 0.7 0.1609375
2 0.478125 0.32421875 0.3828125 0.08359375
2 0.35859375 0.31796875 0.6109375 0.17265625
2 0.365625 0.27265625 0.62890625 0.16484375
2 0.3625 0.228125 0.60859375 0.17265625
2 0.3671875 0.1921875 0.61484375 0.184375
2 0.3546875 0.15234375 0.60703125 0.19140625
2 0.78125 0.359375 0.28671875 0.08046875
2 0.76796875 0.3171875 0.26484375 0.06796875
2 0.79375 0.27109375 0.2953125 0.08984375
2 0.7890625 0.22578125 0.303125 0.09140625
2 0.7890625 0.18515625 0.31953125 0.08671875
2 0.7828125 0.14453125 0.30703125 0.08515625