2 0.5359375 0.90234375 0.51015625 0.17265625
2 0.58671875 0.865625 0.4890625 0.1015625
2 0.57734375 0.821875 0.48515625 0.09453125
2 0.5875 0.78125 0.4828125 0.103125
2 0.57421875 0.71953125 0.490625 0.11171875
2 0.61171875 0.665625 0.528125 0.10234375
2 0.6015625 0.61796875 0.5421875 0.0984375
2 0.6140625 0.55859375 0.5234375 0.14921875
2 0.59765625 0.4609375 0.5703125 0.13828125
2 0.61484375 0.38359375 0.55078125 0.1296875
2 0.58125 0.328125 0.55703125 0.10546875
2 0.53984375 0.26484375 0.5453125 0.1109375
2 0.58984375 0.19453125 0.571875 0.1171875
2 0.58828125 0.1234375 0.56796875 0.1078125
2 0.58046875 0.05234375 0.6 0.10390625