2 0.46796875 0.20234375 0.746875 0.13359375
2 0.47734375 0.24921875 0.72734375 0.15
2 0.53359375 0.29453125 0.6828125 0.14453125
2 0.4859375 0.3421875 0.696875 0.146875
2 0.48984375 0.3875 0.659375 0.146875
2 0.49453125 0.43515625 0.66640625 0.14609375
2 0.49921875 0.48125 0.65390625 0.14140625
2 0.5265625 0.51796875 0.66796875 0.15625
2 0.52578125 0.55859375 0.65234375 0.14453125
2 0.528125 0.60234375 0.64375 0.1421875
2 0.5421875 0.646875 0.6484375 0.15078125
2 0.58671875 0.68515625 0.7234375 0.18203125
2 0.4875 0.7390625 0.45546875 0.14296875
2 0.575 0.7640625 0.62109375 0.17890625
2 0.58515625 0.81875 0.63125 0.18203125
2 0.58828125 0.86015625 0.61640625 0.184375
2 0.58828125 0.89921875 0.60234375 0.1890625
2 0.6046875 0.91796875 0.609375 0.1640625
2 0.13515625 0.7421875 0.26953125 0.09375
2 0.15859375 0.79453125 0.278125 0.0734375
2 0.15234375 0.8453125 0.30390625 0.078125
2 0.1546875 0.8890625 0.309375 0.06796875
2 0.153125 0.9375 0.30625 0.05859375
2 0.16015625 0.9703125 0.3109375 0.059375