2 0.47265625 0.8265625 0.46171875 0.1234375
2 0.51171875 0.778125 0.4421875 0.0796875
2 0.50859375 0.73828125 0.453125 0.0796875
2 0.51328125 0.69609375 0.4453125 0.084375
2 0.4984375 0.64765625 0.45234375 0.084375
2 0.53203125 0.60078125 0.484375 0.075
2 0.51015625 0.5671875 0.48359375 0.1
2 0.53046875 0.51328125 0.48046875 0.09765625
2 0.50625 0.43359375 0.5203125 0.1046875
2 0.51953125 0.35546875 0.51015625 0.096875
2 0.48203125 0.3046875 0.5203125 0.103125
2 0.43984375 0.24609375 0.5046875 0.08359375
2 0.48671875 0.18203125 0.53515625 0.1203125
2 0.47734375 0.1109375 0.52890625 0.1046875
2 0.4765625 0.05859375 0.559375 0.11640625
2 0.4578125 0.015625 0.53671875 0.03125