2 0.60390625 0.90390625 0.79140625 0.1890625
2 0.60078125 0.8703125 0.7984375 0.15625
2 0.59453125 0.825 0.8109375 0.1640625
2 0.59140625 0.7734375 0.81640625 0.14609375
2 0.5984375 0.71875 0.803125 0.13984375
2 0.53671875 0.671875 0.70625 0.15390625
2 0.57421875 0.63203125 0.8515625 0.165625
2 0.56953125 0.55703125 0.8609375 0.13515625
2 0.5671875 0.51484375 0.86484375 0.128125
2 0.565625 0.45234375 0.86875 0.12265625
2 0.559375 0.39921875 0.88125 0.1484375
2 0.54375 0.33671875 0.9125 0.140625
2 0.53828125 0.28359375 0.9234375 0.121875
2 0.5453125 0.2296875 0.909375 0.12578125
2 0.53046875 0.175 0.9390625 0.13359375
2 0.58515625 0.12109375 0.82890625 0.13203125
2 0.51015625 0.05625 0.9796875 0.1125
2 0.75859375 0.0328125 0.4828125 0.065625
2 0.1109375 0.58515625 0.221875 0.1203125
2 0.11875 0.65078125 0.23671875 0.09140625
2 0.115625 0.70625 0.23125 0.109375
2 0.11875 0.76171875 0.23671875 0.096875
2 0.115625 0.8109375 0.23125 0.096875
2 0.12109375 0.8578125 0.2421875 0.09765625