2 0.55078125 0.12734375 0.7734375 0.25390625
2 0.58984375 0.15625 0.8171875 0.31171875
2 0.61640625 0.20625 0.7640625 0.3265625
2 0.62265625 0.2734375 0.7515625 0.3046875
2 0.6390625 0.33359375 0.71796875 0.284375
2 0.64296875 0.40234375 0.71015625 0.27734375
2 0.66328125 0.47109375 0.6703125 0.26875
2 0.68515625 0.53828125 0.6265625 0.25546875
2 0.69765625 0.6078125 0.60078125 0.2296875
2 0.70859375 0.678125 0.5796875 0.20390625
2 0.721875 0.759375 0.5515625 0.18203125
2 0.74453125 0.82109375 0.50703125 0.1796875
2 0.765625 0.884375 0.465625 0.1359375
2 0.78671875 0.94609375 0.4234375 0.1078125
2 0.43359375 0.94375 0.3984375 0.1125
2 0.4 0.86875 0.403125 0.17734375