2 0.54375 0.94453125 0.55 0.1109375
2 0.528125 0.88984375 0.5328125 0.1171875
2 0.515625 0.82421875 0.51875 0.11796875
2 0.54921875 0.7546875 0.51640625 0.0890625
2 0.4921875 0.70546875 0.4546875 0.096875
2 0.4765625 0.659375 0.50859375 0.10859375
2 0.49921875 0.5703125 0.53125 0.10234375
2 0.471875 0.5125 0.49296875 0.09921875
2 0.48828125 0.4453125 0.50234375 0.10234375
2 0.47421875 0.4078125 0.4890625 0.09765625
2 0.49921875 0.3578125 0.47890625 0.08828125
2 0.49453125 0.29140625 0.45859375 0.0921875
2 0.49375 0.2546875 0.4546875 0.08046875
2 0.490625 0.21640625 0.45078125 0.09453125
2 0.51796875 0.16015625 0.45625 0.103125