2 0.59296875 0.11015625 0.7203125 0.12109375
2 0.5890625 0.16328125 0.7125 0.115625
2 0.64609375 0.21171875 0.6515625 0.0953125
2 0.596875 0.25546875 0.68203125 0.1109375
2 0.5890625 0.3 0.64140625 0.09921875
2 0.590625 0.34375 0.653125 0.096875
2 0.5890625 0.38515625 0.64140625 0.1125
2 0.6171875 0.43125 0.65859375 0.1078125
2 0.60625 0.47421875 0.64296875 0.1234375
2 0.61171875 0.5203125 0.63984375 0.1296875
2 0.60859375 0.55546875 0.640625 0.1328125
2 0.653125 0.60390625 0.69140625 0.14765625
2 0.54921875 0.653125 0.440625 0.1234375
2 0.6421875 0.675 0.6 0.171875
2 0.6390625 0.73125 0.6203125 0.15625
2 0.6390625 0.771875 0.6109375 0.16640625
2 0.6390625 0.80625 0.596875 0.178125
2 0.6484375 0.846875 0.6015625 0.19296875
2 0.21328125 0.6265625 0.2828125 0.10546875
2 0.22890625 0.68203125 0.2625 0.0640625
2 0.21640625 0.72734375 0.2875 0.075
2 0.209375 0.77109375 0.3015625 0.0859375
2 0.20703125 0.815625 0.30546875 0.07734375
2 0.215625 0.8546875 0.3046875 0.0828125