2 0.628125 0.9203125 0.73203125 0.159375
2 0.665625 0.84765625 0.66796875 0.09296875
2 0.65625 0.78515625 0.6875 0.10859375
2 0.6578125 0.72734375 0.68359375 0.09921875
2 0.63984375 0.65546875 0.7203125 0.13046875
2 0.65390625 0.590625 0.6921875 0.1125
2 0.63828125 0.5390625 0.7234375 0.10625
2 0.6453125 0.46328125 0.709375 0.12109375
2 0.6171875 0.35390625 0.765625 0.14453125
2 0.62734375 0.26171875 0.7453125 0.1328125
2 0.5921875 0.1875 0.80078125 0.125
2 0.52578125 0.11796875 0.7703125 0.10546875
2 0.57890625 0.05078125 0.7984375 0.1015625