2 0.46328125 0.7109375 0.43125 0.1890625
2 0.4921875 0.675 0.44140625 0.19453125
2 0.51171875 0.63359375 0.45234375 0.18203125
2 0.534375 0.59921875 0.4390625 0.1921875
2 0.5421875 0.55078125 0.4578125 0.21015625
2 0.55625 0.509375 0.45859375 0.1828125
2 0.57265625 0.47578125 0.47265625 0.18828125
2 0.5921875 0.43984375 0.46796875 0.184375
2 0.5734375 0.346875 0.46171875 0.2078125
2 0.61171875 0.29296875 0.45859375 0.19140625
2 0.6265625 0.2390625 0.42890625 0.1703125
2 0.59140625 0.17734375 0.4796875 0.203125
2 0.6375 0.14609375 0.5125 0.20625
2 0.64921875 0.09375 0.4984375 0.1875
2 0.69765625 0.06328125 0.475 0.1265625