2 0.24765625 0.51640625 0.4953125 0.18515625
2 0.5859375 0.55 0.46953125 0.2640625
2 0.5359375 0.64453125 0.39921875 0.12421875
2 0.53828125 0.67734375 0.3953125 0.1109375
2 0.08515625 0.22265625 0.1703125 0.0765625
2 0.09296875 0.25078125 0.1859375 0.06484375
2 0.09140625 0.284375 0.1828125 0.065625
2 0.09453125 0.31640625 0.1890625 0.07734375
2 0.09921875 0.32890625 0.1984375 0.07109375
2 0.09765625 0.340625 0.1953125 0.07265625
2 0.10234375 0.34765625 0.20390625 0.07421875
2 0.1 0.359375 0.2 0.07734375
2 0.1015625 0.3796875 0.203125 0.10625
2 0.09921875 0.40859375 0.1984375 0.10703125
2 0.09921875 0.43203125 0.1984375 0.10703125
2 0.1015625 0.45234375 0.203125 0.12578125