2 0.60625 0.140625 0.78671875 0.1328125
2 0.60234375 0.23359375 0.7953125 0.1546875
2 0.60546875 0.32109375 0.7890625 0.15625
2 0.5171875 0.3765625 0.57890625 0.1171875
2 0.51484375 0.39453125 0.575 0.1140625
2 0.5125 0.4171875 0.565625 0.121875
2 0.515625 0.43828125 0.54765625 0.12421875
2 0.51953125 0.459375 0.54375 0.13125
2 0.52109375 0.47890625 0.54296875 0.1390625
2 0.51875 0.496875 0.53828125 0.14453125
2 0.521875 0.5171875 0.5328125 0.1546875
2 0.52109375 0.5359375 0.53125 0.16015625
2 0.5203125 0.55234375 0.5109375 0.16015625
2 0.521875 0.57109375 0.51015625 0.16796875
2 0.52421875 0.58828125 0.50625 0.1734375
2 0.525 0.60546875 0.50390625 0.1796875
2 0.52265625 0.621875 0.49296875 0.18203125
2 0.5234375 0.653125 0.48671875 0.1859375
2 0.5234375 0.66875 0.4890625 0.19296875
2 0.521875 0.68203125 0.47421875 0.1953125
2 0.52265625 0.6984375 0.46484375 0.19921875
2 0.5234375 0.71171875 0.4640625 0.20234375
2 0.525 0.72578125 0.46015625 0.2078125
2 0.525 0.73984375 0.4578125 0.20703125
2 0.52734375 0.753125 0.44921875 0.20859375
2 0.5265625 0.7671875 0.4484375 0.21171875
2 0.12890625 0.3421875 0.2578125 0.134375
2 0.1359375 0.4046875 0.271875 0.1140625
2 0.14453125 0.4546875 0.27421875 0.1203125
2 0.16171875 0.5015625 0.26796875 0.1359375
2 0.16796875 0.5421875 0.271875 0.13203125
2 0.18046875 0.58515625 0.2703125 0.153125
2 0.1890625 0.621875 0.2640625 0.1453125
2 0.04140625 0.5515625 0.0828125 0.08125
2 0.03359375 0.51484375 0.0671875 0.08125
2 0.18125 0.02265625 0.3625 0.04453125
2 0.15625 0.05078125 0.3125 0.09140625
2 0.18515625 0.1109375 0.3703125 0.05703125
2 0.18671875 0.13671875 0.37265625 0.0171875
2 0.19140625 0.15078125 0.38203125 0.02421875
2 0.12421875 0.165625 0.2484375 0.025
2 0.11796875 0.178125 0.2359375 0.02890625
2 0.13125 0.19140625 0.26171875 0.03046875
2 0.134375 0.20234375 0.26875 0.028125
2 0.11796875 0.23671875 0.2359375 0.0703125
2 0.1421875 0.271875 0.284375 0.0859375