2 0.68828125 0.4203125 0.6234375 0.09375
2 0.68984375 0.48046875 0.6203125 0.1015625
2 0.68984375 0.546875 0.6203125 0.12265625
2 0.68828125 0.60625 0.62265625 0.14609375
2 0.690625 0.66796875 0.61875 0.18984375
2 0.6859375 0.73671875 0.61015625 0.19765625
2 0.6953125 0.78125 0.58828125 0.215625
2 0.6984375 0.8421875 0.57734375 0.225
2 0.68828125 0.9078125 0.59921875 0.184375
2 0.5921875 0.940625 0.39296875 0.11875
2 0.240625 0.8359375 0.33671875 0.1484375
2 0.26484375 0.80234375 0.346875 0.128125
2 0.26015625 0.7609375 0.35625 0.12578125
2 0.2296875 0.72265625 0.36953125 0.115625
2 0.22421875 0.678125 0.35703125 0.11015625
2 0.2265625 0.63359375 0.37265625 0.11015625
2 0.23046875 0.5875 0.3703125 0.1015625
2 0.22265625 0.54453125 0.35546875 0.096875
2 0.2265625 0.4953125 0.38359375 0.0875
2 0.21484375 0.45078125 0.3765625 0.07421875
2 0.22265625 0.4015625 0.37265625 0.0671875
2 0.2796875 0.3515625 0.5 0.08046875
2 0.2734375 0.30625 0.4984375 0.08984375
2 0.2796875 0.25625 0.4953125 0.10078125
2 0.27265625 0.2078125 0.50390625 0.11796875
2 0.2609375 0.1625 0.50703125 0.125