0 0.5 0.26171875 1 0.36796875
0 0.4890625 0.453125 0.978125 0.11015625
0 0.6234375 0.03671875 0.634375 0.0734375
0 0.65 0.0796875 0.62109375 0.11015625
0 0.11796875 0.04765625 0.2359375 0.09453125
0 0.14375 0.06796875 0.26328125 0.1359375
0 0.16875 0.10234375 0.24453125 0.171875
1 0.02421875 0.03828125 0.0484375 0.0484375
1 0.05625 0.10234375 0.06328125 0.04375
1 0.084375 0.159375 0.053125 0.0453125
1 0.88046875 0.03671875 0.05546875 0.0453125
1 0.8828125 0.09765625 0.05625 0.0421875
1 0.86875 0.153125 0.04375 0.0359375
1 0.8890625 0.46171875 0.078125 0.0453125