0 0.81796875 0.04609375 0.36328125 0.0921875
0 0.81796875 0.06875 0.3625 0.12109375
0 0.82265625 0.1046875 0.3546875 0.10390625
0 0.8234375 0.1421875 0.35234375 0.09140625
0 0.8234375 0.17890625 0.353125 0.0796875
0 0.82734375 0.2140625 0.3453125 0.0671875
0 0.83203125 0.24765625 0.3359375 0.0546875
0 0.83671875 0.28203125 0.3265625 0.046875
0 0.8375 0.3171875 0.32421875 0.0453125
0 0.8390625 0.34921875 0.32109375 0.05078125
0 0.840625 0.378125 0.31875 0.0625
0 0.8421875 0.40703125 0.31484375 0.06484375
0 0.84453125 0.4328125 0.3109375 0.07265625
0 0.846875 0.4625 0.30625 0.08046875
0 0.84765625 0.4609375 0.3015625 0.078125
0 0.85234375 0.4859375 0.2953125 0.08046875
0 0.85234375 0.5140625 0.2953125 0.08984375
0 0.8546875 0.53828125 0.290625 0.09140625
0 0.8578125 0.5609375 0.28359375 0.0953125
0 0.55859375 0.10390625 0.2265625 0.0796875
0 0.55859375 0.12890625 0.21640625 0.07421875
0 0.55859375 0.15546875 0.215625 0.06640625
0 0.5671875 0.18125 0.209375 0.0640625
0 0.5671875 0.20703125 0.19765625 0.053125
0 0.57421875 0.23203125 0.20390625 0.0453125
0 0.57890625 0.25703125 0.21328125 0.0421875
0 0.58125 0.28125 0.215625 0.03828125
0 0.58203125 0.3046875 0.21328125 0.0375
0 0.58984375 0.3296875 0.21875 0.03984375
0 0.59140625 0.35078125 0.2203125 0.04140625
0 0.59375 0.37265625 0.22265625 0.04921875
0 0.5984375 0.3953125 0.225 0.0515625
0 0.59921875 0.415625 0.22265625 0.05
0 0.6046875 0.434375 0.22890625 0.05546875
0 0.6078125 0.45625 0.225 0.05859375
0 0.61171875 0.47734375 0.225 0.0578125
0 0.615625 0.496875 0.23046875 0.06015625
0 0.3703125 0.1546875 0.18984375 0.046875
0 0.3796875 0.17421875 0.18203125 0.040625
0 0.38359375 0.19296875 0.184375 0.03828125
0 0.3875 0.2109375 0.18671875 0.03359375
0 0.3921875 0.22890625 0.1828125 0.0328125
0 0.39296875 0.246875 0.1796875 0.0296875
0 0.39609375 0.26484375 0.18203125 0.0296875
0 0.39921875 0.2828125 0.1828125 0.02578125
0 0.40234375 0.3015625 0.1796875 0.02578125
0 0.403125 0.31953125 0.178125 0.02578125
0 0.40546875 0.3375 0.1796875 0.02734375
0 0.40625 0.35390625 0.17578125 0.03046875
0 0.409375 0.3703125 0.17578125 0.0328125
0 0.4109375 0.38671875 0.175 0.03359375
0 0.41328125 0.4015625 0.17578125 0.03671875
0 0.41640625 0.41875 0.1796875 0.03671875
0 0.41796875 0.43359375 0.1765625 0.03984375
0 0.421875 0.4484375 0.1765625 0.03984375
1 0.98828125 0.5875 0.0234375 0.01875
1 0.98515625 0.5609375 0.02890625 0.0171875
1 0.98359375 0.5328125 0.0296875 0.0171875
1 0.98515625 0.50546875 0.0296875 0.0171875
1 0.98046875 0.475 0.0296875 0.01796875
1 0.98125 0.44453125 0.03046875 0.0171875
1 0.9765625 0.4140625 0.03125 0.01640625
1 0.97265625 0.38125 0.03203125 0.01796875
1 0.978125 0.34765625 0.03046875 0.01875
1 0.975 0.31484375 0.03203125 0.0171875
1 0.97734375 0.27890625 0.034375 0.0171875
1 0.9765625 0.24296875 0.03203125 0.01875
1 0.97109375 0.20546875 0.03359375 0.02109375
1 0.9671875 0.16484375 0.034375 0.021875
1 0.97109375 0.12265625 0.0359375 0.02265625
1 0.9765625 0.08203125 0.0359375 0.0234375
1 0.9703125 0.0390625 0.034375 0.025