0 0.2703125 0.0859375 0.540625 0.17109375
0 0.28671875 0.15390625 0.57265625 0.21484375
0 0.29765625 0.246875 0.5953125 0.1828125
0 0.34609375 0.33203125 0.69140625 0.19375
0 0.33984375 0.421875 0.6796875 0.2015625
0 0.35078125 0.51328125 0.70078125 0.196875
0 0.3796875 0.60078125 0.7234375 0.19921875
0 0.40390625 0.69765625 0.7359375 0.19453125
0 0.4359375 0.78359375 0.73203125 0.20859375
0 0.45859375 0.8796875 0.73203125 0.18984375
0 0.48203125 0.934375 0.72421875 0.13046875
0 0.60234375 0.10625 0.20390625 0.2125
0 0.646875 0.1421875 0.19140625 0.271875
0 0.6953125 0.2453125 0.19375 0.240625
0 0.74296875 0.346875 0.23125 0.20390625
0 0.76875 0.44609375 0.23359375 0.16953125
0 0.81328125 0.54921875 0.2453125 0.15859375
0 0.84453125 0.6546875 0.25703125 0.15625
0 0.8765625 0.76796875 0.246875 0.159375
0 0.88359375 0.8515625 0.2328125 0.190625
0 0.89453125 0.92421875 0.2109375 0.1515625