0 0.83125 0.9625 0.30859375 0.075
0 0.85625 0.93125 0.2875 0.1375
0 0.8796875 0.87578125 0.23984375 0.14296875
0 0.9 0.81484375 0.2 0.12578125
0 0.921875 0.7453125 0.15625 0.109375
0 0.94609375 0.66796875 0.1078125 0.11484375
0 0.3 0.9375 0.56875 0.125
0 0.35390625 0.90234375 0.7078125 0.19453125
0 0.37109375 0.88125 0.71171875 0.23515625
0 0.4125 0.8234375 0.678125 0.24375
0 0.44921875 0.76640625 0.7234375 0.2421875
0 0.48359375 0.71171875 0.70390625 0.22421875
0 0.5078125 0.6484375 0.77578125 0.2765625
0 0.54609375 0.590625 0.7859375 0.26171875
0 0.59375 0.5203125 0.81171875 0.2765625
0 0.621875 0.446875 0.75625 0.278125
0 0.65 0.3703125 0.7 0.2609375
0 0.67109375 0.2921875 0.6578125 0.25
0 0.6796875 0.21015625 0.63984375 0.25234375
0 0.7 0.12109375 0.6 0.23515625
0 0.7515625 0.0734375 0.49609375 0.146875
0 0.82578125 0.0390625 0.3484375 0.078125
0 0.01953125 0.84765625 0.0390625 0.08359375
0 0.071875 0.675 0.14375 0.1140625
0 0.0859375 0.60234375 0.17109375 0.11484375
0 0.08515625 0.5390625 0.1703125 0.10625
0 0.1015625 0.4765625 0.20234375 0.115625
0 0.13984375 0.4078125 0.19609375 0.12109375
0 0.19375 0.33515625 0.2203125 0.128125
0 0.240625 0.2625 0.225 0.1234375
0 0.28125 0.1875 0.21953125 0.13125
0 0.32109375 0.10546875 0.20703125 0.13359375
0 0.3640625 0.04453125 0.1921875 0.0890625