0 0.35 0.03125 0.7 0.0625
0 0.41171875 0.0875 0.82265625 0.175
0 0.4265625 0.184375 0.8296875 0.1921875
0 0.44453125 0.29453125 0.81640625 0.1859375
0 0.45859375 0.39765625 0.7953125 0.184375
0 0.48828125 0.58203125 0.75859375 0.18203125
0 0.49453125 0.6890625 0.7671875 0.16796875
0 0.50390625 0.78125 0.73828125 0.1578125
0 0.515625 0.87421875 0.74140625 0.17421875
0 0.5328125 0.9375 0.7515625 0.125
0 0.1078125 0.959375 0.159375 0.08125
0 0.0984375 0.8984375 0.16171875 0.1359375
0 0.08359375 0.80390625 0.15859375 0.1390625
0 0.0703125 0.70703125 0.140625 0.1390625
0 0.07109375 0.61796875 0.1421875 0.13515625
0 0.05625 0.52265625 0.11171875 0.125
0 0.04453125 0.41953125 0.0890625 0.11953125
0 0.03515625 0.31171875 0.0703125 0.11484375