0 0.91015625 0.96875 0.1796875 0.0625
0 0.91015625 0.93203125 0.1796875 0.0765625
0 0.9171875 0.8890625 0.165625 0.078125
0 0.90625 0.82734375 0.1875 0.0796875
0 0.91171875 0.76875 0.1765625 0.078125
0 0.91875 0.70703125 0.1625 0.07421875
0 0.91796875 0.640625 0.1640625 0.078125
0 0.91328125 0.57890625 0.1734375 0.0796875
0 0.91953125 0.51171875 0.1609375 0.0828125
0 0.9140625 0.4359375 0.171875 0.0859375
0 0.93125 0.36328125 0.13671875 0.08984375
0 0.93828125 0.27890625 0.1234375 0.10546875
0 0.9359375 0.1984375 0.128125 0.08125
0 0.590625 0.975 0.475 0.05
0 0.58828125 0.93671875 0.48203125 0.0625
0 0.59140625 0.88515625 0.50625 0.07109375
0 0.58515625 0.8234375 0.50859375 0.07734375
0 0.58671875 0.76171875 0.52734375 0.0734375
0 0.5875 0.70625 0.54140625 0.08671875
0 0.5828125 0.6359375 0.52890625 0.0734375
0 0.5828125 0.57265625 0.5484375 0.075
0 0.57109375 0.51171875 0.58203125 0.0890625
0 0.56171875 0.4359375 0.5703125 0.08203125
0 0.55859375 0.36171875 0.64921875 0.10078125
0 0.5671875 0.27578125 0.6765625 0.1109375
0 0.5609375 0.19296875 0.66328125 0.08515625
0 0.23203125 0.975 0.2703125 0.05
0 0.2296875 0.925 0.2671875 0.075
0 0.2203125 0.878125 0.25546875 0.06640625
0 0.21796875 0.81875 0.2484375 0.06484375
0 0.215625 0.7640625 0.2421875 0.07734375
0 0.2125 0.703125 0.23671875 0.075
0 0.21484375 0.63671875 0.23984375 0.06953125
0 0.2078125 0.5734375 0.2234375 0.078125
0 0.196875 0.50703125 0.20703125 0.090625
0 0.1921875 0.4390625 0.1984375 0.0875
0 0.1765625 0.3578125 0.16640625 0.096875
0 0.1734375 0.278125 0.16171875 0.09375
0 0.16953125 0.19921875 0.15703125 0.084375