0 0.953125 0.06015625 0.09296875 0.1203125
0 0.9390625 0.1609375 0.121875 0.109375
0 0.9375 0.24765625 0.125 0.1015625
0 0.9375 0.33359375 0.125 0.0984375
0 0.940625 0.4171875 0.11875 0.09375
0 0.946875 0.49375 0.10625 0.103125
0 0.93515625 0.571875 0.1296875 0.08828125
0 0.93671875 0.634375 0.1265625 0.0859375
0 0.92890625 0.7125 0.1421875 0.08984375
0 0.91875 0.77109375 0.1625 0.0734375
0 0.9171875 0.94609375 0.165625 0.0921875
0 0.91796875 0.8859375 0.16015625 0.075
0 0.92265625 0.8375 0.15 0.08125
0 0.54921875 0.06171875 0.8109375 0.1234375
0 0.54140625 0.15625 0.73984375 0.1328125
0 0.5359375 0.25703125 0.7296875 0.11796875
0 0.55078125 0.3453125 0.71484375 0.1203125
0 0.56640625 0.4328125 0.7046875 0.12734375
0 0.57265625 0.52265625 0.6984375 0.11796875
0 0.56640625 0.5953125 0.65703125 0.11015625
0 0.56953125 0.66484375 0.64453125 0.1234375
0 0.57421875 0.73984375 0.6203125 0.1234375
0 0.56796875 0.79921875 0.621875 0.121875
0 0.57421875 0.85234375 0.58203125 0.1046875
0 0.57421875 0.915625 0.57109375 0.1
0 0.57109375 0.96015625 0.5765625 0.0796875
0 0.15234375 0.9640625 0.3046875 0.071875
0 0.15078125 0.9296875 0.3015625 0.1109375
0 0.1453125 0.86875 0.290625 0.09765625
0 0.13359375 0.81640625 0.2671875 0.1203125
0 0.140625 0.74375 0.28125 0.1046875
0 0.128125 0.671875 0.25625 0.1109375
0 0.1296875 0.60859375 0.259375 0.115625
0 0.121875 0.5359375 0.24375 0.10859375
0 0.115625 0.446875 0.23125 0.125
0 0.10546875 0.353125 0.2109375 0.13125
0 0.096875 0.259375 0.19296875 0.12421875
0 0.1015625 0.1609375 0.203125 0.121875
0 0.0859375 0.0640625 0.171875 0.128125