0 0.85625 0.03984375 0.2453125 0.0796875
0 0.85078125 0.11171875 0.2453125 0.09609375
0 0.84765625 0.18515625 0.2453125 0.09296875
0 0.8421875 0.2578125 0.23828125 0.08203125
0 0.834375 0.32578125 0.2453125 0.08671875
0 0.83125 0.3875 0.23828125 0.09140625
0 0.82734375 0.453125 0.2390625 0.0875
0 0.8171875 0.51796875 0.24453125 0.0796875
0 0.8125 0.57578125 0.24921875 0.08671875
0 0.8125 0.634375 0.24140625 0.084375
0 0.8046875 0.69375 0.24609375 0.08125
0 0.80234375 0.7484375 0.24296875 0.084375
0 0.79296875 0.80625 0.25 0.0875
0 0.78828125 0.85859375 0.25390625 0.0890625
0 0.78125 0.921875 0.253125 0.096875
0 0.7734375 0.96015625 0.25703125 0.0796875
0 0.48125 0.0171875 0.5359375 0.03359375
0 0.4828125 0.06015625 0.53359375 0.08359375
0 0.47734375 0.12578125 0.52734375 0.08203125
0 0.475 0.196875 0.540625 0.08359375
0 0.47109375 0.2609375 0.53203125 0.0921875
0 0.465625 0.32265625 0.5265625 0.09921875
0 0.4625 0.39296875 0.51171875 0.0921875
0 0.4609375 0.45 0.50703125 0.0984375
0 0.45703125 0.5125 0.503125 0.09765625
0 0.45390625 0.5703125 0.49375 0.09453125
0 0.4546875 0.62890625 0.4859375 0.09453125
0 0.44921875 0.6859375 0.48359375 0.09375
0 0.446875 0.7421875 0.48125 0.1
0 0.44375 0.7984375 0.47109375 0.09609375
0 0.4375 0.85 0.4703125 0.09765625
0 0.434375 0.90078125 0.46015625 0.10234375
0 0.43125 0.95078125 0.4515625 0.09765625
0 0.42890625 0.9765625 0.4484375 0.046875
0 0.13046875 0.04609375 0.2015625 0.0921875
0 0.13046875 0.10390625 0.20546875 0.10390625
0 0.121875 0.1734375 0.196875 0.08671875
0 0.11640625 0.24453125 0.2046875 0.08125
0 0.115625 0.309375 0.203125 0.078125
0 0.115625 0.37421875 0.2140625 0.08125
0 0.11015625 0.43671875 0.21953125 0.08203125
0 0.109375 0.49921875 0.21875 0.07890625
0 0.10859375 0.55546875 0.2171875 0.07578125
0 0.1109375 0.60859375 0.221875 0.0828125
0 0.11328125 0.6640625 0.22578125 0.0765625
0 0.109375 0.7484375 0.21796875 0.1359375
0 0.1078125 0.82578125 0.21484375 0.08046875
0 0.1078125 0.878125 0.21484375 0.0734375
0 0.10703125 0.92734375 0.21328125 0.07578125
0 0.10625 0.9640625 0.21171875 0.053125