0 0.42109375 0.975 0.3234375 0.05
0 0.41640625 0.9625 0.32265625 0.075
0 0.421875 0.93515625 0.3203125 0.07265625
0 0.4203125 0.909375 0.3125 0.06640625
0 0.4234375 0.8828125 0.31171875 0.06640625
0 0.42890625 0.85703125 0.30859375 0.06328125
0 0.43125 0.83046875 0.30625 0.06015625
0 0.43359375 0.8046875 0.30390625 0.05546875
0 0.44140625 0.77890625 0.30546875 0.05234375
0 0.44375 0.75546875 0.3 0.05078125
0 0.4515625 0.70703125 0.30234375 0.0484375
0 0.45546875 0.68203125 0.2921875 0.0421875
0 0.459375 0.65859375 0.2890625 0.03828125
0 0.46328125 0.63515625 0.28828125 0.03515625
0 0.46953125 0.61171875 0.28359375 0.03359375
0 0.475 0.58984375 0.2796875 0.0296875
0 0.47578125 0.56796875 0.278125 0.03046875
0 0.83828125 0.93046875 0.25078125 0.06015625
0 0.8375 0.90703125 0.24765625 0.06328125
0 0.8421875 0.884375 0.24609375 0.06015625
0 0.83671875 0.86171875 0.25 0.05625
0 0.8328125 0.8390625 0.246875 0.05390625
0 0.8359375 0.815625 0.246875 0.05
0 0.83828125 0.79453125 0.23984375 0.04765625
0 0.8390625 0.7734375 0.23359375 0.04609375
0 0.83828125 0.75 0.234375 0.0421875
0 0.83515625 0.72890625 0.23828125 0.040625
0 0.8375 0.70859375 0.23125 0.0390625
0 0.8375 0.6875 0.23515625 0.0359375
0 0.83984375 0.6671875 0.228125 0.03515625
0 0.840625 0.646875 0.225 0.0359375
0 0.840625 0.62734375 0.225 0.0296875
0 0.84140625 0.60625 0.22265625 0.0296875
0 0.83984375 0.5875 0.221875 0.0265625
0 0.84765625 0.56875 0.20859375 0.0265625