0 0.52421875 0.0984375 0.9515625 0.196875
0 0.5328125 0.240625 0.93359375 0.3515625
0 0.5484375 0.3984375 0.8984375 0.39765625
0 0.5703125 0.52578125 0.85859375 0.42890625
0 0.5984375 0.646875 0.803125 0.44921875
0 0.61953125 0.75390625 0.7609375 0.471875
0 0.56953125 0.803125 0.61640625 0.39375
0 0.5359375 0.840625 0.4671875 0.31796875
0 0.51328125 0.8765625 0.3484375 0.246875
0 0.46171875 0.90546875 0.21328125 0.1890625
1 0.0875 0.01171875 0.03984375 0.0234375
1 0.12265625 0.1234375 0.05234375 0.06953125
1 0.1609375 0.25234375 0.053125 0.06484375
1 0.20390625 0.3640625 0.05078125 0.06640625
1 0.24609375 0.46640625 0.0484375 0.06171875
1 0.271875 0.5640625 0.04375 0.05546875
1 0.2984375 0.64765625 0.0390625 0.05234375
1 0.33046875 0.721875 0.04296875 0.0546875
1 0.36484375 0.78984375 0.03984375 0.053125
1 0.384375 0.846875 0.04296875 0.0515625