0 0.8484375 0.9546875 0.22265625 0.08984375
0 0.8859375 0.8921875 0.228125 0.1671875
0 0.90234375 0.7890625 0.1953125 0.17734375
0 0.9109375 0.690625 0.178125 0.17109375
0 0.93203125 0.59609375 0.13515625 0.15078125
0 0.95625 0.50546875 0.0875 0.11875
0 0.78203125 0.1 0.43515625 0.2
0 0.6953125 0.134375 0.609375 0.26796875
0 0.6234375 0.1875 0.753125 0.37421875
0 0.60234375 0.2296875 0.7953125 0.459375
0 0.5640625 0.328125 0.8359375 0.44765625
0 0.51640625 0.4328125 0.84609375 0.41875
0 0.45859375 0.53046875 0.85859375 0.40625
0 0.4359375 0.640625 0.87109375 0.390625
0 0.41328125 0.7578125 0.8265625 0.3640625
0 0.396875 0.85625 0.79375 0.2875
0 0.31484375 0.92265625 0.6296875 0.1546875
0 0.13984375 0.06875 0.2796875 0.1375
0 0.11171875 0.134375 0.2234375 0.2171875
0 0.084375 0.2515625 0.16796875 0.1859375
0 0.0609375 0.371875 0.121875 0.1671875