0 0.5046875 0.0234375 0.70859375 0.046875
0 0.50546875 0.065625 0.7125 0.090625
0 0.515625 0.1328125 0.7265625 0.10625
0 0.515625 0.1953125 0.7234375 0.09765625
0 0.51796875 0.27421875 0.75546875 0.1
0 0.51484375 0.3453125 0.7296875 0.096875
0 0.5171875 0.42265625 0.7703125 0.0953125
0 0.5171875 0.49765625 0.78359375 0.10234375
0 0.51875 0.5765625 0.8125 0.11328125
0 0.5109375 0.66328125 0.796875 0.12421875
0 0.5140625 0.74921875 0.84609375 0.12578125
0 0.515625 0.84375 0.86953125 0.12421875
0 0.5125 0.934375 0.875 0.13125
0 0.090625 0.05390625 0.18125 0.09765625
0 0.0984375 0.12734375 0.19609375 0.1125
0 0.0921875 0.19375 0.184375 0.11015625
0 0.09140625 0.26640625 0.1828125 0.10703125
0 0.0890625 0.34140625 0.178125 0.10625
0 0.0828125 0.4140625 0.165625 0.0953125
0 0.0765625 0.490625 0.15234375 0.09765625
0 0.07578125 0.571875 0.1515625 0.1015625
0 0.06953125 0.65625 0.13828125 0.103125
0 0.0609375 0.7421875 0.121875 0.1078125
0 0.0578125 0.82734375 0.11484375 0.11171875
0 0.05625 0.9203125 0.11171875 0.1078125
0 0.91640625 0.05390625 0.1671875 0.1078125
0 0.91171875 0.09921875 0.17578125 0.15859375
0 0.91484375 0.16875 0.16875 0.1625
0 0.9140625 0.26015625 0.171875 0.17890625
0 0.91953125 0.33203125 0.16015625 0.15625
0 0.9296875 0.41640625 0.13984375 0.15
1 0.94453125 0.75 0.040625 0.05234375
1 0.95 0.84296875 0.04296875 0.05859375