0 0.54140625 0.0625 0.9171875 0.12421875
0 0.54375 0.15859375 0.9125 0.128125
0 0.54609375 0.25625 0.9078125 0.125
0 0.55 0.35078125 0.8859375 0.11875
0 0.55625 0.43515625 0.8875 0.1203125
0 0.54296875 0.6140625 0.80390625 0.10703125
0 0.540625 0.69765625 0.82265625 0.10078125
0 0.53203125 0.78125 0.796875 0.11015625
0 0.53359375 0.85859375 0.80390625 0.121875
0 0.53515625 0.9390625 0.81015625 0.11796875
0 0.96328125 0.67421875 0.0734375 0.084375
0 0.953125 0.74609375 0.09296875 0.0765625
0 0.9515625 0.8203125 0.096875 0.08515625
0 0.06171875 0.0546875 0.1234375 0.109375
0 0.0609375 0.13359375 0.121875 0.1390625
0 0.06640625 0.23203125 0.13203125 0.128125
0 0.06796875 0.33203125 0.1359375 0.1171875
0 0.07265625 0.425 0.1453125 0.1109375
0 0.0796875 0.515625 0.159375 0.10859375
0 0.08359375 0.6015625 0.1671875 0.109375
0 0.0796875 0.69375 0.159375 0.0953125
0 0.0828125 0.775 0.16484375 0.0984375
0 0.0859375 0.85625 0.171875 0.096875
0 0.07421875 0.9234375 0.1484375 0.09375
0 0.078125 0.978125 0.15625 0.04375