0 0.9296875 0.10703125 0.1375 0.1265625
0 0.93125 0.21484375 0.13359375 0.15859375
0 0.92890625 0.33515625 0.14140625 0.14375
0 0.92890625 0.44609375 0.1421875 0.12265625
0 0.915625 0.54921875 0.16875 0.121875
0 0.91796875 0.65 0.1640625 0.11640625
0 0.91640625 0.74375 0.1671875 0.1125
0 0.91484375 0.83359375 0.1703125 0.1046875
0 0.91640625 0.92421875 0.1671875 0.1140625
0 0.91640625 0.975 0.1671875 0.046875
0 0.503125 0.11171875 0.77734375 0.13203125
0 0.51171875 0.21796875 0.7796875 0.14140625
0 0.5125 0.33359375 0.76015625 0.14375
0 0.515625 0.44765625 0.73046875 0.1390625
0 0.5125 0.55859375 0.7 0.12421875
0 0.5203125 0.653125 0.69453125 0.13515625
0 0.5234375 0.75234375 0.70625 0.140625
0 0.515625 0.8421875 0.6796875 0.140625
0 0.5234375 0.92890625 0.67265625 0.1421875
0 0.540625 0.97265625 0.63125 0.0546875
0 0.071875 0.1390625 0.14375 0.14765625
0 0.0765625 0.25625 0.15234375 0.125
0 0.08203125 0.36328125 0.1640625 0.12421875
0 0.09140625 0.465625 0.175 0.11953125
0 0.0953125 0.565625 0.190625 0.128125
0 0.10390625 0.67109375 0.184375 0.115625
0 0.10625 0.765625 0.19609375 0.115625
0 0.11015625 0.86171875 0.19140625 0.1140625
0 0.1140625 0.94453125 0.196875 0.1109375