0 0.53046875 0.05234375 0.8609375 0.1046875
0 0.53671875 0.11796875 0.853125 0.1703125
0 0.54765625 0.2171875 0.828125 0.1484375
0 0.559375 0.31484375 0.825 0.14296875
0 0.565625 0.40859375 0.81640625 0.1234375
0 0.575 0.50234375 0.79375 0.12109375
0 0.584375 0.58828125 0.77109375 0.103125
0 0.5953125 0.67578125 0.753125 0.1
0 0.6015625 0.7546875 0.7375 0.0921875
0 0.61171875 0.8328125 0.72734375 0.08671875
0 0.62421875 0.9046875 0.7109375 0.08984375
0 0.63203125 0.965625 0.69453125 0.06796875
0 0.0671875 0.04765625 0.134375 0.0953125
0 0.07734375 0.1171875 0.1546875 0.159375
0 0.08203125 0.21015625 0.1640625 0.1421875
0 0.090625 0.3140625 0.18046875 0.12265625
0 0.096875 0.41171875 0.19375 0.11171875
0 0.10546875 0.50546875 0.21015625 0.1015625
0 0.11796875 0.59296875 0.23515625 0.10546875
0 0.1234375 0.67890625 0.246875 0.10234375
0 0.1296875 0.75546875 0.259375 0.0953125
0 0.13828125 0.8296875 0.27578125 0.09453125
0 0.14765625 0.903125 0.2953125 0.0875
0 0.15 0.96484375 0.3 0.0703125
1 0.165625 0.41171875 0.028125 0.04375
1 0.140625 0.3125 0.0328125 0.0484375
1 0.10859375 0.21328125 0.0453125 0.06328125
1 0.1015625 0.11875 0.04375 0.065625
1 0.1078125 0.03828125 0.02890625 0.03671875
1 0.22109375 0.6703125 0.02265625 0.0375
1 0.203125 0.584375 0.01796875 0.0359375
1 0.27578125 0.89375 0.01484375 0.03046875