0 0.57734375 0.0375 0.8453125 0.075
0 0.578125 0.08046875 0.84375 0.14921875
0 0.58125 0.15390625 0.83671875 0.1609375
0 0.58203125 0.24296875 0.834375 0.15859375
0 0.58125 0.33515625 0.8375 0.14765625
0 0.57578125 0.428125 0.8484375 0.134375
0 0.57578125 0.5171875 0.84765625 0.12265625
0 0.578125 0.6171875 0.84375 0.103125
0 0.5765625 0.6984375 0.84609375 0.09765625
0 0.575 0.79140625 0.85 0.11015625
0 0.57421875 0.88984375 0.85078125 0.12578125
0 0.5671875 0.93828125 0.86484375 0.1234375
0 0.140625 0.2921875 0.0578125 0.0109375
0 0.13984375 0.2984375 0.05625 0.0078125
0 0.13984375 0.303125 0.05859375 0.009375
0 0.13984375 0.30859375 0.0578125 0.0078125
0 0.140625 0.3140625 0.05859375 0.0078125
0 0.1421875 0.31953125 0.05703125 0.00625
0 0.13984375 0.3234375 0.059375 0.0078125
0 0.1421875 0.32734375 0.05546875 0.01015625
0 0.14296875 0.33203125 0.05703125 0.009375
0 0.1453125 0.33671875 0.0546875 0.009375
0 0.14296875 0.34140625 0.05859375 0.009375
0 0.14375 0.346875 0.05546875 0.00703125
0 0.14453125 0.35234375 0.05703125 0.00625
0 0.146875 0.35625 0.05546875 0.00625
0 0.146875 0.36171875 0.05546875 0.00546875
0 0.146875 0.365625 0.05703125 0.0046875
0 0.146875 0.3703125 0.05625 0.00546875
0 0.1484375 0.375 0.05625 0.00546875
0 0.15078125 0.37890625 0.05234375 0.00625
0 0.1484375 0.38515625 0.0546875 0.00625
0 0.1484375 0.3890625 0.05625 0.00625
0 0.14921875 0.39453125 0.05625 0.00546875
0 0.15 0.3984375 0.05390625 0.0046875
0 0.15 0.403125 0.0546875 0.0046875
0 0.15 0.40703125 0.05234375 0.00546875
0 0.1515625 0.4125 0.0546875 0.0046875
0 0.15234375 0.41640625 0.05546875 0.00546875
0 0.153125 0.42109375 0.0546875 0.00546875
0 0.15234375 0.4265625 0.0546875 0.0046875
0 0.15390625 0.43046875 0.05390625 0.0046875
0 0.1546875 0.434375 0.05546875 0.0046875
0 0.1546875 0.43984375 0.05390625 0.00546875
0 0.15546875 0.44453125 0.0546875 0.00703125
0 0.15546875 0.4484375 0.0546875 0.00546875
0 0.15625 0.453125 0.05546875 0.00546875
0 0.15625 0.4578125 0.05546875 0.00546875
0 0.15625 0.4609375 0.0546875 0.00390625
0 0.1578125 0.465625 0.05390625 0.00546875
0 0.08515625 0.29765625 0.05234375 0.0109375
0 0.08671875 0.303125 0.0515625 0.00625
0 0.0859375 0.309375 0.0515625 0.00625
0 0.0859375 0.3125 0.0515625 0.00703125
0 0.0875 0.31796875 0.04921875 0.00703125
0 0.0875 0.32265625 0.05078125 0.0046875
0 0.08984375 0.32734375 0.053125 0.0046875
0 0.0890625 0.33203125 0.0515625 0.0046875
0 0.0890625 0.3359375 0.05234375 0.0078125
0 0.08984375 0.340625 0.0515625 0.00703125
0 0.090625 0.34453125 0.05 0.00703125
0 0.08984375 0.35 0.053125 0.0078125
0 0.09140625 0.35390625 0.05390625 0.00625
0 0.090625 0.359375 0.0515625 0.00703125
0 0.09140625 0.36328125 0.05234375 0.00546875
0 0.09140625 0.36875 0.05234375 0.00703125
0 0.08984375 0.3734375 0.053125 0.0046875
0 0.090625 0.378125 0.05234375 0.00390625
0 0.09140625 0.38203125 0.0515625 0.00625
0 0.090625 0.3859375 0.05078125 0.00546875
0 0.09140625 0.390625 0.05234375 0.00703125
0 0.09375 0.3953125 0.05078125 0.0078125
0 0.09375 0.40078125 0.05078125 0.00703125
0 0.09453125 0.4046875 0.0515625 0.00625
0 0.0953125 0.40859375 0.0515625 0.00703125
0 0.01953125 0.31484375 0.03046875 0.00625
0 0.01953125 0.31953125 0.0296875 0.00703125
0 0.01953125 0.32421875 0.03046875 0.00625
0 0.01953125 0.328125 0.03125 0.00703125
0 0.0203125 0.33359375 0.03046875 0.00546875
0 0.0203125 0.33828125 0.03046875 0.00546875
0 0.0203125 0.3421875 0.03125 0.00625
0 0.0203125 0.346875 0.0328125 0.00625
0 0.02109375 0.3515625 0.0328125 0.00625
0 0.02265625 0.35546875 0.03125 0.00546875
0 0.02265625 0.36015625 0.03125 0.0046875
0 0.0234375 0.3640625 0.03125 0.00546875
0 0.0234375 0.36875 0.0296875 0.00625
0 0.0234375 0.3734375 0.03203125 0.00546875
0 0.02421875 0.378125 0.03046875 0.0046875
0 0.0234375 0.38203125 0.03046875 0.0046875
0 0.0234375 0.3859375 0.03125 0.00546875
0 0.02421875 0.39140625 0.03125 0.00546875
0 0.0234375 0.3953125 0.03203125 0.00625
0 0.02421875 0.4 0.03203125 0.0046875
0 0.025 0.40390625 0.03203125 0.0046875
0 0.025 0.409375 0.03046875 0.00546875
0 0.02578125 0.4125 0.03046875 0.0046875
0 0.0265625 0.41796875 0.0296875 0.0046875
0 0.028125 0.421875 0.03046875 0.0046875
0 0.028125 0.4265625 0.0296875 0.00546875
0 0.0296875 0.4296875 0.0328125 0.00859375
0 0.028125 0.434375 0.03125 0.00703125
0 0.0296875 0.4375 0.03203125 0.009375
0 0.0296875 0.4421875 0.03046875 0.009375