0 0.54296875 0.03671875 0.9140625 0.0734375
0 0.55 0.08671875 0.89921875 0.17265625
0 0.55703125 0.16484375 0.8859375 0.21328125
0 0.565625 0.27578125 0.86875 0.1921875
0 0.5734375 0.3734375 0.85234375 0.16640625
0 0.5859375 0.46640625 0.82734375 0.14375
0 0.59453125 0.55390625 0.8109375 0.11953125
0 0.5875 0.64609375 0.825 0.1234375
0 0.6109375 0.725 0.75546875 0.09296875
0 0.6078125 0.8078125 0.784375 0.1203125
0 0.6125 0.87890625 0.7359375 0.0953125
0 0.615625 0.93984375 0.7515625 0.1203125
0 0.68515625 0.9671875 0.61640625 0.06484375
0 0.1421875 0.25703125 0.04453125 0.0109375
0 0.1453125 0.26484375 0.04453125 0.01015625
0 0.1453125 0.27109375 0.0453125 0.009375
0 0.146875 0.27578125 0.0453125 0.01015625
0 0.146875 0.28125 0.04453125 0.009375
0 0.14765625 0.2875 0.04453125 0.01015625
0 0.14765625 0.2921875 0.0421875 0.00703125
0 0.14140625 0.29765625 0.0296875 0.0078125
0 0.1453125 0.30390625 0.0359375 0.00859375
0 0.15390625 0.31015625 0.05 0.009375
0 0.15546875 0.31640625 0.0515625 0.009375
0 0.15625 0.32109375 0.05234375 0.01015625
0 0.159375 0.32734375 0.05546875 0.00859375
0 0.159375 0.33203125 0.05625 0.0078125
0 0.16015625 0.33828125 0.05625 0.0109375
0 0.1609375 0.34375 0.05703125 0.009375
0 0.1609375 0.34921875 0.05703125 0.0109375
0 0.16171875 0.3546875 0.05703125 0.009375
0 0.16171875 0.36015625 0.05859375 0.009375
0 0.16328125 0.36484375 0.05546875 0.0109375
0 0.1640625 0.36953125 0.0578125 0.009375
0 0.16484375 0.37578125 0.05546875 0.00859375
0 0.165625 0.38046875 0.05703125 0.00703125
0 0.1625 0.3859375 0.0515625 0.00859375
0 0.16328125 0.39140625 0.05078125 0.0078125
0 0.16328125 0.396875 0.05078125 0.0078125
0 0.16328125 0.4015625 0.05078125 0.0078125
0 0.1625 0.40625 0.04765625 0.00703125
0 0.16328125 0.41171875 0.04453125 0.00703125
0 0.16328125 0.4171875 0.04453125 0.0078125
0 0.16484375 0.421875 0.0453125 0.0078125
0 0.16796875 0.42734375 0.05078125 0.0078125
0 0.16796875 0.4328125 0.0515625 0.00859375
0 0.16796875 0.4375 0.05234375 0.0078125
0 0.16875 0.44296875 0.0515625 0.00703125
0 0.1703125 0.44765625 0.05234375 0.0078125
0 0.1703125 0.453125 0.05078125 0.0078125
0 0.17109375 0.45859375 0.05234375 0.0078125
0 0.07890625 0.253125 0.0703125 0.01171875
0 0.0796875 0.259375 0.0703125 0.0125
0 0.08125 0.265625 0.0703125 0.01171875
0 0.08359375 0.27109375 0.0703125 0.01171875
0 0.08359375 0.2765625 0.06875 0.0125
0 0.08359375 0.2828125 0.0703125 0.01171875
0 0.084375 0.28828125 0.06953125 0.01171875
0 0.0859375 0.29375 0.06796875 0.01171875
0 0.0859375 0.3 0.06953125 0.01015625
0 0.0875 0.30546875 0.06875 0.0125
0 0.0875 0.3109375 0.06953125 0.01171875
0 0.08984375 0.315625 0.0671875 0.01171875
0 0.0890625 0.321875 0.06796875 0.01015625
0 0.09140625 0.32734375 0.06796875 0.01328125
0 0.09140625 0.3328125 0.06796875 0.01171875
0 0.09296875 0.3390625 0.0671875 0.01171875
0 0.09375 0.34453125 0.06796875 0.01328125
0 0.0953125 0.35078125 0.0703125 0.0125
0 0.09609375 0.35625 0.06796875 0.0109375
0 0.0953125 0.3609375 0.06953125 0.0109375
0 0.09609375 0.365625 0.06875 0.01015625
0 0.096875 0.371875 0.0671875 0.009375
0 0.09921875 0.37734375 0.06796875 0.009375
0 0.10078125 0.3828125 0.06875 0.01015625
0 0.10078125 0.38828125 0.0671875 0.01015625
0 0.10078125 0.39296875 0.06875 0.009375
0 0.10390625 0.39765625 0.06875 0.009375
0 0.10390625 0.40390625 0.0671875 0.01015625
0 0.10390625 0.40859375 0.06796875 0.01015625
0 0.1046875 0.4140625 0.065625 0.01015625
0 0.10625 0.41953125 0.06640625 0.00859375
0 0.10703125 0.42421875 0.0671875 0.009375
0 0.1078125 0.4296875 0.06796875 0.009375
0 0.109375 0.43515625 0.06953125 0.00859375
0 0.11015625 0.440625 0.06796875 0.00859375
0 0.1109375 0.4453125 0.06953125 0.0078125
0 0.11171875 0.45 0.06796875 0.00859375
0 0.11171875 0.45546875 0.06875 0.00859375
0 0.0171875 0.246875 0.03359375 0.00859375
0 0.0171875 0.25390625 0.034375 0.0078125
0 0.01796875 0.259375 0.0359375 0.009375
0 0.01953125 0.265625 0.0390625 0.00859375
0 0.01953125 0.27109375 0.03828125 0.00859375
0 0.0203125 0.2765625 0.040625 0.00859375
0 0.02109375 0.2828125 0.0421875 0.009375
0 0.02109375 0.28828125 0.0421875 0.01015625
0 0.021875 0.29453125 0.04296875 0.009375
0 0.021875 0.3 0.04375 0.00859375
0 0.021875 0.3046875 0.04375 0.009375
0 0.02265625 0.31015625 0.0453125 0.0078125
0 0.02421875 0.3171875 0.04765625 0.009375
0 0.025 0.32265625 0.04921875 0.009375
0 0.025 0.328125 0.05 0.009375
0 0.02578125 0.3328125 0.0515625 0.009375
0 0.02578125 0.33984375 0.0515625 0.00859375
0 0.0265625 0.3453125 0.053125 0.009375
0 0.02734375 0.35078125 0.0546875 0.00859375
0 0.028125 0.35703125 0.05625 0.009375
0 0.02890625 0.3625 0.0578125 0.009375
0 0.0296875 0.3671875 0.059375 0.00859375
0 0.03046875 0.37265625 0.06015625 0.009375
0 0.034375 0.37890625 0.05390625 0.00859375
0 0.03671875 0.384375 0.05390625 0.009375
0 0.03828125 0.38984375 0.053125 0.009375
0 0.05078125 0.39609375 0.03125 0.0078125
0 0.0515625 0.40078125 0.0359375 0.00703125
0 0.0515625 0.40625 0.034375 0.00703125
0 0.0515625 0.41171875 0.0359375 0.00703125
0 0.0546875 0.4171875 0.03203125 0.00703125
0 0.0546875 0.421875 0.0359375 0.00625
0 0.05625 0.42734375 0.03515625 0.00703125
0 0.05703125 0.4328125 0.03359375 0.00703125
0 0.06328125 0.43828125 0.025 0.00625
0 0.06484375 0.44375 0.02265625 0.00625
0 0.06640625 0.4484375 0.02578125 0.00546875
0 0.06640625 0.45390625 0.02734375 0.00703125