0 0.39296875 0.4234375 0.30625 0.08515625
0 0.396875 0.39921875 0.30625 0.0859375
0 0.3984375 0.3734375 0.30859375 0.08046875
0 0.4015625 0.34609375 0.31015625 0.08359375
0 0.40234375 0.32265625 0.31328125 0.07734375
0 0.40390625 0.2953125 0.31953125 0.08046875
0 0.41015625 0.26796875 0.31328125 0.07734375
0 0.41328125 0.2421875 0.315625 0.07734375
0 0.4171875 0.21484375 0.31875 0.07421875
0 0.42109375 0.18671875 0.3265625 0.0765625
0 0.42265625 0.159375 0.32578125 0.07265625
0 0.425 0.12890625 0.3328125 0.07890625
0 0.43046875 0.10234375 0.3359375 0.078125
0 0.43203125 0.07109375 0.33203125 0.08046875
0 0.4359375 0.04296875 0.33671875 0.07578125
0 0.43828125 0.025 0.3390625 0.05
0 0.82890625 0.02421875 0.1890625 0.0484375
0 0.82421875 0.03828125 0.18515625 0.07578125
0 0.8203125 0.06875 0.17890625 0.06875
0 0.81328125 0.096875 0.17578125 0.0640625
0 0.80546875 0.12421875 0.17421875 0.059375
0 0.80078125 0.15 0.16953125 0.05546875
0 0.796875 0.175 0.1734375 0.05625
0 0.7890625 0.2 0.17109375 0.0515625
0 0.78046875 0.22265625 0.1734375 0.0515625
0 0.7765625 0.24609375 0.17109375 0.04921875
0 0.771875 0.275 0.1703125 0.04375
0 0.76640625 0.2984375 0.16796875 0.04609375
0 0.76015625 0.325 0.16875 0.03984375
0 0.75625 0.34609375 0.16796875 0.040625
0 0.74921875 0.36953125 0.17109375 0.0359375
0 0.74453125 0.3921875 0.16796875 0.03671875
0 0.7390625 0.415625 0.165625 0.03125
0 0.73828125 0.4390625 0.1625 0.0359375
0 0.9171875 0.43125 0.14453125 0.03515625
0 0.92578125 0.41015625 0.14296875 0.02734375
0 0.9296875 0.38828125 0.140625 0.0265625
0 0.93359375 0.37421875 0.1328125 0.0296875
0 0.93671875 0.35234375 0.12578125 0.0234375
0 0.940625 0.33046875 0.11796875 0.0265625
0 0.94453125 0.30625 0.1109375 0.02578125
0 0.94765625 0.28515625 0.1046875 0.02734375
0 0.95078125 0.26640625 0.0984375 0.0296875
0 0.953125 0.24140625 0.09375 0.040625
0 0.95859375 0.21875 0.0828125 0.034375
0 0.96328125 0.1953125 0.0734375 0.03125
0 0.96953125 0.17265625 0.0609375 0.0296875
0 0.971875 0.15078125 0.05625 0.0296875