0 0.48125 0.06796875 0.9625 0.1359375
0 0.4671875 0.153125 0.934375 0.14609375
0 0.4734375 0.2421875 0.946875 0.140625
0 0.47890625 0.33203125 0.9578125 0.1390625
0 0.478125 0.4234375 0.95625 0.134375
0 0.4859375 0.51171875 0.971875 0.1328125
0 0.48203125 0.5953125 0.9640625 0.128125
0 0.478125 0.6828125 0.95625 0.125
0 0.4625 0.7671875 0.925 0.09375
1 0.878125 0.6984375 0.075 0.04375
0 0.47265625 0.8375 0.9453125 0.11953125
0 0.4703125 0.92578125 0.940625 0.1125
1 0.0109375 0.9140625 0.02109375 0.04609375
0 0.4796875 0.97421875 0.95859375 0.05078125
1 0.98046875 0.9234375 0.03828125 0.03984375
0 0.959375 0.91640625 0.08125 0.10078125
0 0.95390625 0.840625 0.0921875 0.1125
0 0.96171875 0.76484375 0.0765625 0.1046875