0 0.384375 0.7328125 0.76875 0.37578125
0 0.3828125 0.65 0.765625 0.36953125
0 0.3828125 0.56796875 0.765625 0.36171875
0 0.39453125 0.5015625 0.7421875 0.38515625
0 0.42109375 0.41796875 0.7140625 0.38671875
0 0.425 0.36796875 0.696875 0.4125
0 0.4375 0.315625 0.66875 0.41640625
0 0.46015625 0.2578125 0.6390625 0.3984375
0 0.39921875 0.10625 0.4171875 0.1609375
0 0.70546875 0.2109375 0.16640625 0.30390625
0 0.0984375 0.1875 0.14140625 0.14765625
0 0.08203125 0.22421875 0.1328125 0.146875
0 0.06484375 0.26875 0.1296875 0.1453125
0 0.0546875 0.30234375 0.109375 0.13984375
0 0.03046875 0.40234375 0.0609375 0.1
0 0.615625 0.9859375 0.08984375 0.02734375
0 0.6203125 0.96640625 0.0875 0.05
0 0.6203125 0.940625 0.08984375 0.05390625
0 0.62421875 0.91328125 0.0875 0.0578125
0 0.6265625 0.88515625 0.08671875 0.06484375
0 0.38984375 0.82890625 0.215625 0.115625
0 0.39609375 0.80859375 0.20078125 0.0828125
0 0.384375 0.87578125 0.2125 0.0984375
0 0.37109375 0.91328125 0.2296875 0.09765625
0 0.3796875 0.95625 0.20625 0.06953125
0 0.14765625 0.740625 0.2953125 0.15234375
0 0.14296875 0.79765625 0.2859375 0.13828125
0 0.134375 0.86015625 0.26875 0.1140625
1 0.02265625 0.47109375 0.03984375 0.03125
1 0.0546875 0.4171875 0.04140625 0.0328125
1 0.090625 0.36484375 0.0359375 0.0296875
1 0.115625 0.3140625 0.03359375 0.028125
1 0.1390625 0.27109375 0.03203125 0.03203125
1 0.1640625 0.23515625 0.03671875 0.02734375