0 0.47265625 0.08671875 0.57734375 0.0875
0 0.46640625 0.15625 0.546875 0.0703125
0 0.471875 0.21953125 0.546875 0.075
0 0.46953125 0.27578125 0.55234375 0.06328125
0 0.47890625 0.34140625 0.57265625 0.059375
0 0.47109375 0.3953125 0.57421875 0.05234375
0 0.47578125 0.45 0.565625 0.07109375
0 0.47421875 0.5078125 0.55625 0.0609375
0 0.475 0.55859375 0.5578125 0.05859375
0 0.4703125 0.6171875 0.54453125 0.0484375
0 0.4671875 0.66640625 0.53671875 0.0515625
0 0.475 0.72109375 0.53515625 0.053125
0 0.47421875 0.76640625 0.52734375 0.05
0 0.4734375 0.8125 0.51484375 0.04375
0 0.47109375 0.85234375 0.509375 0.04765625
0 0.48046875 0.8984375 0.5 0.0625
0 0.48203125 0.9390625 0.4765625 0.06640625
0 0.48984375 0.975 0.48359375 0.05
0 0.86640625 0.06796875 0.2671875 0.09921875
0 0.8609375 0.134375 0.27734375 0.10078125
0 0.86171875 0.20859375 0.27578125 0.08515625
0 0.86015625 0.27265625 0.27890625 0.07265625
0 0.86796875 0.3328125 0.26328125 0.0609375
0 0.87109375 0.39140625 0.25703125 0.05546875
0 0.86796875 0.44375 0.26328125 0.0640625
0 0.86640625 0.49609375 0.26640625 0.065625
0 0.86328125 0.54765625 0.2734375 0.0671875
0 0.8609375 0.5953125 0.278125 0.05625
0 0.86171875 0.64375 0.2765625 0.04765625
0 0.8578125 0.696875 0.284375 0.053125
0 0.85625 0.73984375 0.2875 0.0546875
0 0.8515625 0.7875 0.296875 0.053125
0 0.85390625 0.83515625 0.2921875 0.05625
0 0.85078125 0.88046875 0.2984375 0.0609375
0 0.84609375 0.92109375 0.30703125 0.0484375
0 0.84609375 0.9703125 0.30703125 0.059375
0 0.10390625 0.0546875 0.2078125 0.10703125
0 0.10703125 0.1328125 0.2140625 0.08515625
0 0.10546875 0.19765625 0.2109375 0.0765625
0 0.10859375 0.26484375 0.2171875 0.0703125
0 0.10390625 0.32890625 0.2078125 0.07109375
0 0.10625 0.3890625 0.2125 0.06484375
0 0.11015625 0.4484375 0.2203125 0.0609375
0 0.1078125 0.50859375 0.215625 0.06171875
0 0.1109375 0.5671875 0.221875 0.0671875
0 0.10859375 0.621875 0.2171875 0.053125
0 0.11171875 0.675 0.22265625 0.05625
0 0.11484375 0.728125 0.2296875 0.05625
0 0.1203125 0.778125 0.240625 0.06796875
0 0.12109375 0.834375 0.2421875 0.06015625
0 0.12265625 0.88515625 0.24453125 0.0671875
0 0.12734375 0.92421875 0.2546875 0.09921875
0 0.1296875 0.9796875 0.25859375 0.040625
1 0.7515625 0.15625 0.03046875 0.0375