0 0.375 0.03046875 0.5234375 0.06015625
0 0.49609375 0.0609375 0.7421875 0.121875
0 0.496875 0.13984375 0.74609375 0.115625
0 0.50234375 0.22265625 0.74296875 0.0984375
0 0.4984375 0.31171875 0.68984375 0.07578125
0 0.50859375 0.390625 0.6859375 0.071875
0 0.50625 0.45859375 0.675 0.06875
0 0.51171875 0.534375 0.69140625 0.0734375
0 0.515625 0.6078125 0.675 0.06875
0 0.51953125 0.68203125 0.6765625 0.08984375
0 0.51875 0.74765625 0.665625 0.09296875
0 0.51796875 0.81484375 0.65859375 0.09921875
0 0.51796875 0.88046875 0.6546875 0.10625
0 0.51953125 0.9484375 0.64765625 0.10234375
0 0.91328125 0.03828125 0.1734375 0.06796875
0 0.91328125 0.1078125 0.1734375 0.071875
0 0.90703125 0.16328125 0.1859375 0.0734375
0 0.90703125 0.234375 0.1859375 0.07890625
0 0.90625 0.3109375 0.1875 0.08203125
0 0.8984375 0.37890625 0.203125 0.0859375
0 0.90234375 0.4515625 0.19453125 0.07578125
0 0.90546875 0.5265625 0.1890625 0.08125
0 0.903125 0.6 0.19296875 0.0796875
0 0.9046875 0.6671875 0.190625 0.075
0 0.90546875 0.73359375 0.1890625 0.071875
0 0.9078125 0.796875 0.184375 0.075
0 0.90703125 0.8796875 0.1859375 0.11484375
0 0.9046875 0.95234375 0.190625 0.09453125
0 0.07734375 0.0421875 0.1546875 0.084375
0 0.08046875 0.1203125 0.1609375 0.090625
0 0.08359375 0.20625 0.16640625 0.078125
0 0.0953125 0.25 0.190625 0.0625
0 0.09921875 0.328125 0.1984375 0.08046875
0 0.0984375 0.39375 0.196875 0.07734375
0 0.0984375 0.46796875 0.19609375 0.08359375
0 0.09765625 0.54140625 0.1953125 0.07265625
0 0.10078125 0.61171875 0.20078125 0.07734375
0 0.10546875 0.67421875 0.21015625 0.07421875
0 0.109375 0.734375 0.21875 0.07421875
0 0.11171875 0.796875 0.22265625 0.0671875
0 0.1125 0.85859375 0.225 0.078125
0 0.1125 0.91640625 0.225 0.06953125
0 0.1125 0.96953125 0.225 0.0609375
1 0.17265625 0.33203125 0.02890625 0.0265625
1 0.1765625 0.39453125 0.02421875 0.034375
1 0.18984375 0.5953125 0.02109375 0.034375
1 0.21328125 0.7875 0.01640625 0.03046875