0 0.4578125 0.95 0.696875 0.09921875
0 0.4734375 0.9203125 0.70078125 0.11328125
0 0.525 0.83125 0.74375 0.13828125
0 0.48125 0.740625 0.75625 0.1203125
0 0.5046875 0.6421875 0.775 0.13203125
0 0.51015625 0.53984375 0.8140625 0.1375
0 0.5109375 0.43125 0.81875 0.1359375
0 0.48671875 0.3140625 0.8484375 0.1625
0 0.446875 0.18359375 0.89375 0.17421875
0 0.51171875 0.07734375 0.9296875 0.1546875
0 0.07265625 0.97265625 0.14453125 0.05390625
0 0.078125 0.91484375 0.15625 0.1109375
0 0.08125 0.82734375 0.1625 0.115625
0 0.06875 0.73515625 0.13671875 0.1234375
0 0.07109375 0.6390625 0.1421875 0.1125
0 0.06953125 0.53046875 0.1390625 0.11484375
0 0.0703125 0.42578125 0.140625 0.128125
1 0.12109375 0.81171875 0.03671875 0.06328125