0 0.91015625 0.0328125 0.1796875 0.065625
0 0.90078125 0.09921875 0.1984375 0.0921875
0 0.89296875 0.1765625 0.2140625 0.0890625
0 0.8921875 0.2578125 0.215625 0.09140625
0 0.890625 0.33046875 0.21875 0.08984375
0 0.8890625 0.40859375 0.22109375 0.08203125
0 0.8875 0.46875 0.225 0.078125
0 0.88671875 0.54375 0.2265625 0.071875
0 0.8859375 0.615625 0.228125 0.08203125
0 0.8875 0.6859375 0.225 0.06640625
0 0.8703125 0.7390625 0.259375 0.0765625
0 0.871875 0.8140625 0.25625 0.0734375
0 0.86796875 0.87578125 0.2640625 0.0640625
0 0.86796875 0.93984375 0.2640625 0.07734375
0 0.86875 0.98671875 0.2625 0.02578125
0 0.50703125 0.02890625 0.6828125 0.0578125
0 0.49921875 0.1 0.659375 0.1015625
0 0.4953125 0.171875 0.60859375 0.109375
0 0.49921875 0.25625 0.609375 0.1015625
0 0.496875 0.3375 0.5921875 0.08828125
0 0.49765625 0.41171875 0.59609375 0.0953125
0 0.4984375 0.4890625 0.5890625 0.084375
0 0.503125 0.55859375 0.5859375 0.0703125
0 0.49765625 0.6359375 0.56953125 0.07265625
0 0.5 0.70078125 0.57421875 0.0703125
0 0.48984375 0.76171875 0.54765625 0.071875
0 0.4875 0.82578125 0.546875 0.0703125
0 0.4875 0.89453125 0.5375 0.0828125
0 0.48671875 0.9640625 0.53671875 0.071875
0 0.0890625 0.0328125 0.178125 0.065625
0 0.1046875 0.115625 0.209375 0.09375
0 0.109375 0.19921875 0.21875 0.090625
0 0.1125 0.26953125 0.225 0.075
0 0.115625 0.33828125 0.23125 0.0921875
0 0.11328125 0.41484375 0.22578125 0.10390625
0 0.11796875 0.49375 0.23515625 0.096875
0 0.11875 0.56796875 0.23671875 0.1
0 0.11796875 0.64296875 0.23515625 0.1046875
0 0.12109375 0.7140625 0.2421875 0.08828125
0 0.12265625 0.790625 0.2453125 0.096875
0 0.1203125 0.8578125 0.240625 0.0828125
0 0.12109375 0.9125 0.2421875 0.10546875
0 0.12578125 0.95625 0.2515625 0.0875