0 0.65234375 0.16875 0.6953125 0.075
0 0.65390625 0.11953125 0.6921875 0.0890625
0 0.6484375 0.0671875 0.70234375 0.09609375
0 0.6421875 0.03515625 0.715625 0.0703125
1 0.33671875 0.03515625 0.04765625 0.028125
1 0.34375 0.08515625 0.0453125 0.025
1 0.35546875 0.1796875 0.04296875 0.021875
1 0.2859375 0.11328125 0.01171875 0.00546875
1 0.28515625 0.10390625 0.015625 0.00546875
1 0.2890625 0.0921875 0.0140625 0.0046875
1 0.28125 0.0796875 0.01171875 0.00703125
1 0.27890625 0.06796875 0.01171875 0.00703125
1 0.2734375 0.04453125 0.01171875 0.00703125
1 0.275 0.0328125 0.0125 0.00703125
1 0.2640625 0.00859375 0.01171875 0.00703125