0 0.5 0.275 1 0.26796875
0 0.49765625 0.40234375 0.9640625 0.28046875
0 0.48828125 0.50078125 0.9140625 0.30546875
0 0.5234375 0.57109375 0.953125 0.34921875
0 0.49296875 0.65859375 0.8328125 0.33984375
0 0.471875 0.728125 0.7875 0.3625
0 0.47109375 0.79375 0.7703125 0.37890625
0 0.4796875 0.828125 0.73046875 0.34296875
0 0.70390625 0.88125 0.2546875 0.2375
0 0.3078125 0.8734375 0.32578125 0.253125
0 0.23515625 0.028125 0.4703125 0.05625
0 0.2359375 0.06171875 0.471875 0.0921875
0 0.2453125 0.140625 0.446875 0.078125
0 0.66015625 0.01171875 0.13671875 0.0234375
0 0.59921875 0.03125 0.25703125 0.0625
0 0.59375 0.07421875 0.25234375 0.06171875
0 0.59296875 0.12109375 0.2453125 0.04921875
0 0.5875 0.159375 0.2375 0.03203125
0 0.89375 0.01171875 0.08828125 0.0234375
0 0.86875 0.0578125 0.12109375 0.03515625
0 0.88125 0.02578125 0.10078125 0.03515625
0 0.86796875 0.0875 0.10234375 0.0296875
0 0.8546875 0.11796875 0.1171875 0.03125
0 0.85546875 0.1453125 0.10859375 0.03125
1 0.0390625 0.2265625 0.03671875 0.04921875
1 0.0546875 0.31015625 0.034375 0.0453125
1 0.06875 0.38671875 0.0328125 0.04375
1 0.0859375 0.4578125 0.03203125 0.0421875
1 0.10625 0.5234375 0.03203125 0.040625
1 0.1140625 0.5875 0.03125 0.04140625
1 0.12421875 0.6421875 0.028125 0.03671875
1 0.13984375 0.690625 0.03046875 0.0390625
1 0.1609375 0.7390625 0.03203125 0.040625
1 0.1703125 0.78125 0.0328125 0.03984375