0 0.90234375 0.05 0.1953125 0.1
0 0.90703125 0.0953125 0.18203125 0.13515625
0 0.9078125 0.175 0.18125 0.1265625
0 0.9171875 0.25234375 0.1625 0.1171875
0 0.92109375 0.33046875 0.15390625 0.0953125
0 0.921875 0.40390625 0.15234375 0.09375
0 0.9265625 0.471875 0.14296875 0.09375
0 0.928125 0.5453125 0.13984375 0.090625
0 0.93515625 0.61015625 0.125 0.07890625
0 0.93359375 0.67578125 0.128125 0.075
0 0.93671875 0.74375 0.121875 0.0734375
0 0.9328125 0.8078125 0.134375 0.065625
0 0.93671875 0.87578125 0.1265625 0.06953125
0 0.9390625 0.9109375 0.121875 0.0390625
0 0.53828125 0.04765625 0.56875 0.0953125
0 0.54140625 0.0921875 0.58046875 0.16640625
0 0.55078125 0.16640625 0.57890625 0.1625
0 0.55625 0.22734375 0.5703125 0.15234375
0 0.559375 0.2984375 0.609375 0.159375
0 0.565625 0.37109375 0.6015625 0.15625
0 0.5703125 0.44609375 0.58828125 0.15390625
0 0.58828125 0.5109375 0.57421875 0.1484375
0 0.5875 0.5828125 0.58828125 0.13515625
0 0.59765625 0.64921875 0.5890625 0.13828125
0 0.6125 0.7125 0.55703125 0.14375
0 0.61640625 0.77421875 0.5546875 0.12578125
0 0.62265625 0.82890625 0.55390625 0.12109375
0 0.62890625 0.8859375 0.5375 0.1375
0 0.6296875 0.92734375 0.5375 0.11953125
0 0.1359375 0.0984375 0.271875 0.15
0 0.14453125 0.19453125 0.2890625 0.12421875
0 0.15546875 0.28359375 0.28984375 0.08984375
0 0.1515625 0.34375 0.2703125 0.1390625
0 0.1578125 0.41640625 0.26875 0.11953125
0 0.17109375 0.48046875 0.271875 0.11328125
0 0.175 0.55 0.271875 0.12109375
0 0.18359375 0.609375 0.26796875 0.1125
0 0.19453125 0.66953125 0.28203125 0.11015625
0 0.20078125 0.72734375 0.2828125 0.1109375
0 0.21015625 0.78359375 0.28828125 0.115625
0 0.21953125 0.8421875 0.296875 0.1078125
0 0.22421875 0.89765625 0.28984375 0.11328125
0 0.23359375 0.9515625 0.2984375 0.096875