0 0.97265625 0.9125 0.05390625 0.175
0 0.9296875 0.9140625 0.0578125 0.171875
0 0.86640625 0.91953125 0.06796875 0.1609375
0 0.80390625 0.9234375 0.0765625 0.153125
0 0.73515625 0.92421875 0.07578125 0.1515625
0 0.66796875 0.92734375 0.084375 0.1453125
0 0.59921875 0.92890625 0.0796875 0.14140625
0 0.525 0.94453125 0.090625 0.1109375
0 0.44296875 0.95 0.0921875 0.1
0 0.359375 0.95390625 0.1 0.0921875
0 0.275 0.946875 0.10234375 0.10625
0 0.175 0.95078125 0.11875 0.0984375
0 0.9640625 0.5453125 0.07109375 0.60390625
0 0.92734375 0.54375 0.1015625 0.6203125
0 0.86484375 0.55234375 0.09140625 0.61328125
0 0.80390625 0.54765625 0.0921875 0.63125
0 0.7390625 0.540625 0.09140625 0.6640625
0 0.684375 0.54140625 0.09375 0.678125
0 0.615625 0.53671875 0.0953125 0.69765625
0 0.53671875 0.54140625 0.09296875 0.725
0 0.453125 0.55625 0.1078125 0.73203125
0 0.36875 0.5609375 0.1140625 0.728125
0 0.28046875 0.56171875 0.1234375 0.7296875
0 0.19296875 0.55703125 0.1375 0.75546875
0 0.10625 0.5515625 0.12421875 0.76875
0 0.03828125 0.55703125 0.0765625 0.78203125
0 0.96484375 0.17265625 0.06953125 0.2015625
0 0.90859375 0.16796875 0.0484375 0.18359375
0 0.8578125 0.165625 0.06015625 0.19140625
0 0.80390625 0.16171875 0.06875 0.18046875
0 0.7359375 0.1609375 0.07109375 0.18203125
0 0.675 0.1484375 0.078125 0.1703125
0 0.6125 0.1390625 0.0796875 0.16796875
0 0.5375 0.1296875 0.09296875 0.16875
0 0.4578125 0.13359375 0.0921875 0.17109375
0 0.37734375 0.13671875 0.09921875 0.190625
0 0.29296875 0.12421875 0.1046875 0.19453125
0 0.2109375 0.12421875 0.0921875 0.18125
0 0.11171875 0.11796875 0.109375 0.17578125
0 0.0359375 0.1125 0.07109375 0.16484375
1 0.20078125 0.17421875 0.04609375 0.04453125
1 0.1109375 0.178125 0.04375 0.03828125