0 0.51015625 0.03515625 0.659375 0.06953125
0 0.5015625 0.09921875 0.63046875 0.075
0 0.50390625 0.16796875 0.621875 0.0671875
0 0.50234375 0.2390625 0.609375 0.07109375
0 0.49921875 0.30390625 0.59609375 0.0703125
0 0.49609375 0.36796875 0.5796875 0.06171875
0 0.49375 0.4234375 0.58046875 0.059375
0 0.490625 0.48515625 0.575 0.06328125
0 0.4921875 0.5421875 0.56328125 0.05859375
0 0.48671875 0.59921875 0.56328125 0.05625
0 0.4890625 0.65078125 0.55625 0.05234375
0 0.490625 0.70546875 0.546875 0.0546875
0 0.48671875 0.759375 0.5265625 0.05703125
0 0.4890625 0.81484375 0.521875 0.05859375
0 0.490625 0.86015625 0.52734375 0.05859375
0 0.4921875 0.91484375 0.52109375 0.05625
0 0.49296875 0.95859375 0.528125 0.08203125
0 0.8921875 0.0609375 0.215625 0.084375
0 0.896875 0.1328125 0.20625 0.07734375
0 0.88671875 0.203125 0.22578125 0.084375
0 0.88515625 0.25234375 0.228125 0.06796875
0 0.87578125 0.3125 0.24765625 0.07109375
0 0.87421875 0.43046875 0.2515625 0.0765625
0 0.87734375 0.371875 0.2453125 0.06796875
0 0.871875 0.54921875 0.25546875 0.053125
0 0.87109375 0.6015625 0.2578125 0.0578125
0 0.86796875 0.65 0.2640625 0.06171875
0 0.8625 0.69765625 0.275 0.05859375
0 0.8625 0.74921875 0.275 0.06484375
0 0.8640625 0.8 0.27109375 0.05859375
0 0.86640625 0.84453125 0.2671875 0.0515625
0 0.8640625 0.88125 0.27109375 0.0578125
0 0.86328125 0.92265625 0.27265625 0.04453125
0 0.86796875 0.971875 0.2640625 0.05390625
0 0.0984375 0.07578125 0.19609375 0.07578125
0 0.10078125 0.14296875 0.2015625 0.0609375
0 0.1078125 0.19765625 0.215625 0.0546875
0 0.1140625 0.253125 0.228125 0.05390625
0 0.11875 0.309375 0.2375 0.05625
0 0.115625 0.3625 0.23046875 0.059375
0 0.11640625 0.4171875 0.2328125 0.0578125
0 0.11796875 0.4765625 0.2359375 0.0625
0 0.11953125 0.5296875 0.2390625 0.05703125
0 0.1203125 0.578125 0.240625 0.053125
0 0.12265625 0.634375 0.2453125 0.0578125
0 0.12265625 0.68828125 0.2453125 0.0671875
0 0.12734375 0.74296875 0.25390625 0.078125
0 0.1328125 0.8 0.26484375 0.0609375
0 0.12265625 0.84609375 0.2453125 0.05
0 0.128125 0.8890625 0.25625 0.046875
0 0.12890625 0.928125 0.2578125 0.04921875
0 0.12734375 0.975 0.25390625 0.05
1 0.77421875 0.36875 0.02109375 0.0296875
1 0.77734375 0.321875 0.03359375 0.03046875
1 0.7609375 0.534375 0.01953125 0.03125
1 0.74296875 0.690625 0.015625 0.0265625