0 0.02734375 0.13515625 0.0546875 0.26953125
0 0.07578125 0.13671875 0.04609375 0.2734375
0 0.121875 0.1359375 0.04921875 0.271875
0 0.16015625 0.13671875 0.0484375 0.2734375
0 0.2078125 0.1359375 0.04765625 0.271875
0 0.2546875 0.13671875 0.0578125 0.2734375
0 0.30078125 0.1359375 0.05625 0.271875
0 0.353125 0.1328125 0.05 0.265625
0 0.40546875 0.13125 0.05234375 0.2625
0 0.45390625 0.128125 0.0609375 0.25625
0 0.51171875 0.125 0.06328125 0.24921875
0 0.56953125 0.125 0.06328125 0.24921875
0 0.63203125 0.12265625 0.0640625 0.2453125
0 0.68671875 0.1203125 0.0609375 0.240625
0 0.75078125 0.11484375 0.0515625 0.2296875
0 0.8015625 0.1140625 0.06328125 0.228125
0 0.87421875 0.10625 0.06875 0.2125
0 0.94375 0.10625 0.071875 0.2125
0 0.02578125 0.50390625 0.0515625 0.521875
0 0.0875 0.509375 0.05859375 0.5109375
0 0.13515625 0.51015625 0.05390625 0.521875
0 0.190625 0.50859375 0.06015625 0.525
0 0.24140625 0.509375 0.0578125 0.53125
0 0.29609375 0.5140625 0.0625 0.540625
0 0.346875 0.51015625 0.05703125 0.55078125
0 0.39921875 0.5109375 0.05859375 0.565625
0 0.45625 0.50703125 0.06171875 0.57265625
0 0.51328125 0.50859375 0.06484375 0.56953125
0 0.57578125 0.50546875 0.0640625 0.57578125
0 0.6328125 0.50546875 0.0640625 0.57421875
0 0.69453125 0.49296875 0.06875 0.60390625
0 0.76484375 0.49765625 0.075 0.61953125
0 0.834375 0.49765625 0.06953125 0.634375
0 0.9078125 0.4984375 0.07421875 0.6359375
0 0.96796875 0.48984375 0.0625 0.66171875
0 0.02421875 0.86875 0.0484375 0.2625
0 0.07109375 0.87421875 0.0421875 0.2515625
0 0.11328125 0.878125 0.04609375 0.24375
0 0.15390625 0.8765625 0.0546875 0.246875
0 0.20390625 0.875 0.05078125 0.24921875
0 0.25546875 0.88125 0.06015625 0.2375
0 0.3171875 0.88125 0.053125 0.2375
0 0.3703125 0.88203125 0.05546875 0.2359375
0 0.41953125 0.88359375 0.05078125 0.2328125
0 0.471875 0.88203125 0.05625 0.2359375
0 0.521875 0.88359375 0.059375 0.2328125
0 0.578125 0.8796875 0.059375 0.240625
0 0.63515625 0.8828125 0.06171875 0.23359375
0 0.690625 0.8828125 0.0578125 0.234375
0 0.74375 0.8828125 0.0546875 0.23359375
0 0.79609375 0.88828125 0.05546875 0.22265625
0 0.8515625 0.8890625 0.0625 0.221875
0 0.91015625 0.89140625 0.0671875 0.2171875