0 0.64921875 0.06171875 0.1859375 0.1234375
0 0.7 0.09765625 0.215625 0.1328125
0 0.71171875 0.17109375 0.1890625 0.12421875
0 0.7359375 0.22734375 0.2 0.1140625
0 0.7515625 0.28046875 0.1921875 0.12421875
0 0.77734375 0.3375 0.2125 0.11328125
0 0.79296875 0.3875 0.20703125 0.10859375
0 0.79375 0.3921875 0.21015625 0.1
0 0.8140625 0.440625 0.21484375 0.10625
0 0.8328125 0.49296875 0.22109375 0.103125
0 0.8546875 0.54140625 0.23828125 0.10390625
0 0.865625 0.5890625 0.2328125 0.1
0 0.89375 0.6859375 0.2109375 0.08984375
0 0.9046875 0.73203125 0.190625 0.08984375
0 0.91328125 0.78203125 0.17265625 0.084375
0 0.9265625 0.83046875 0.146875 0.0859375
0 0.3578125 0.12265625 0.48984375 0.2015625
0 0.38359375 0.17890625 0.5046875 0.20390625
0 0.40234375 0.2390625 0.49375 0.196875
0 0.425 0.29453125 0.490625 0.1828125
0 0.45078125 0.346875 0.47890625 0.18515625
0 0.46953125 0.39765625 0.475 0.1796875
0 0.4921875 0.4484375 0.465625 0.1734375
0 0.5109375 0.49609375 0.46640625 0.1734375
0 0.53125 0.54765625 0.46171875 0.16015625
0 0.55078125 0.5984375 0.4609375 0.1578125
0 0.57265625 0.64453125 0.45390625 0.1484375
0 0.590625 0.68984375 0.44765625 0.15078125
0 0.6109375 0.73671875 0.4421875 0.15
0 0.62890625 0.78046875 0.44453125 0.15390625
0 0.64765625 0.825 0.43671875 0.1453125
0 0.66640625 0.88359375 0.4484375 0.15078125
0 0.65390625 0.93046875 0.38671875 0.09609375
0 0.0765625 0.2203125 0.153125 0.115625
0 0.0921875 0.278125 0.184375 0.11015625
0 0.10234375 0.328125 0.2046875 0.115625
0 0.11640625 0.3859375 0.2328125 0.11484375
0 0.128125 0.43359375 0.25625 0.1171875
0 0.15 0.4859375 0.265625 0.1125
0 0.16875 0.53515625 0.265625 0.11171875
0 0.19296875 0.58046875 0.265625 0.11484375
0 0.2125 0.62734375 0.2625 0.11875
0 0.23359375 0.66953125 0.2625 0.12265625
0 0.2515625 0.71953125 0.25546875 0.11484375
0 0.27265625 0.76328125 0.259375 0.1234375
0 0.29140625 0.81015625 0.25703125 0.12421875
0 0.31484375 0.85390625 0.26328125 0.1203125
0 0.32890625 0.9015625 0.25625 0.115625
0 0.35390625 0.94765625 0.26796875 0.10390625
0 0.365625 0.965625 0.2515625 0.06875
1 0.43984375 0.87109375 0.0109375 0.0296875
1 0.4046875 0.78203125 0.01328125 0.0265625
1 0.42265625 0.82734375 0.015625 0.028125
1 0.34140625 0.65 0.01640625 0.02109375
1 0.36484375 0.69375 0.0125 0.01953125
1 0.384375 0.7359375 0.01171875 0.021875
1 0.3 0.55859375 0.01484375 0.01484375
1 0.2796875 0.51171875 0.0171875 0.015625
1 0.25703125 0.4625 0.0140625 0.01484375
1 0.2359375 0.41484375 0.015625 0.01484375
1 0.4734375 0.9609375 0.01015625 0.01875
0 0.028125 0.18125 0.05546875 0.0375
0 0.0375 0.16953125 0.075 0.04609375
0 0.04296875 0.159375 0.0859375 0.05703125
0 0.040625 0.146875 0.08125 0.06015625
0 0.10546875 0.125 0.09375 0.0625