0 0.64609375 0.13984375 0.7078125 0.2796875
0 0.61875 0.1921875 0.7578125 0.384375
0 0.58125 0.2828125 0.76640625 0.396875
0 0.55234375 0.3828125 0.7140625 0.36953125
0 0.5171875 0.4890625 0.71171875 0.3625
0 0.4796875 0.56796875 0.68828125 0.34375
0 0.45078125 0.6734375 0.734375 0.35625
0 0.41953125 0.75546875 0.6421875 0.30546875
0 0.3921875 0.84296875 0.69140625 0.3140625
0 0.246875 0.92109375 0.475 0.1578125
0 0.77890625 0.94609375 0.17265625 0.1078125
0 0.796875 0.875 0.19765625 0.15859375
0 0.8453125 0.7875 0.16328125 0.165625
0 0.859375 0.696875 0.19296875 0.18671875
0 0.896875 0.6203125 0.1828125 0.1671875
0 0.92265625 0.525 0.1546875 0.171875
0 0.94921875 0.428125 0.1015625 0.17890625
0 0.9609375 0.32109375 0.078125 0.1546875