0 0.56640625 0.02578125 0.6015625 0.0515625
0 0.56484375 0.075 0.6015625 0.14921875
0 0.55390625 0.178125 0.615625 0.15625
0 0.5484375 0.278125 0.60703125 0.15
0 0.540625 0.38203125 0.60703125 0.15625
0 0.53359375 0.4890625 0.61015625 0.15859375
0 0.53359375 0.58671875 0.6015625 0.15703125
0 0.52421875 0.68359375 0.59609375 0.15859375
0 0.52109375 0.78125 0.59609375 0.15703125
0 0.5140625 0.87890625 0.5765625 0.16796875
0 0.51015625 0.9375 0.5875 0.125
0 0.16875 0.77265625 0.159375 0.2109375
0 0.17265625 0.86640625 0.17734375 0.21640625
0 0.171875 0.921875 0.178125 0.15625
0 0.17734375 0.675 0.15859375 0.190625
0 0.18046875 0.575 0.15625 0.175
0 0.18828125 0.4640625 0.1515625 0.159375
0 0.19140625 0.346875 0.1578125 0.17109375
0 0.1953125 0.23984375 0.15546875 0.19921875
0 0.2046875 0.12734375 0.1453125 0.2484375
0 0.215625 0.07421875 0.165625 0.1484375
0 0.96875 0.434375 0.028125 0.01328125
0 0.96875 0.44296875 0.03125 0.01015625
0 0.96796875 0.45078125 0.03046875 0.0109375
0 0.9671875 0.459375 0.0296875 0.009375
0 0.96640625 0.46640625 0.03125 0.0109375