0 0.953125 0.1046875 0.08984375 0.209375
0 0.88359375 0.103125 0.0953125 0.20625
0 0.81171875 0.10390625 0.0921875 0.2078125
0 0.73984375 0.10234375 0.0921875 0.2046875
0 0.67109375 0.10234375 0.0953125 0.2046875
0 0.59296875 0.1015625 0.0984375 0.203125
0 0.51484375 0.10078125 0.09765625 0.20078125
0 0.43515625 0.10078125 0.1015625 0.20078125
0 0.35078125 0.096875 0.1078125 0.19375
0 0.26484375 0.09453125 0.11015625 0.1890625
0 0.17265625 0.09296875 0.1171875 0.18515625
0 0.08046875 0.09296875 0.11875 0.1859375
0 0.02265625 0.0921875 0.0453125 0.184375
0 0.97109375 0.47578125 0.0578125 0.56015625
0 0.92734375 0.47734375 0.10859375 0.56484375
0 0.8515625 0.47734375 0.1140625 0.5796875
0 0.778125 0.478125 0.11015625 0.584375
0 0.70234375 0.4796875 0.1109375 0.58828125
0 0.62265625 0.48515625 0.10859375 0.59921875
0 0.5453125 0.48828125 0.11796875 0.60546875
0 0.46015625 0.48984375 0.11015625 0.61796875
0 0.375 0.490625 0.10546875 0.634375
0 0.28515625 0.49375 0.1171875 0.64140625
0 0.19296875 0.49765625 0.11640625 0.659375
0 0.0921875 0.49296875 0.12421875 0.665625
0 0.02734375 0.49609375 0.05390625 0.65234375
0 0.7984375 0.87578125 0.09765625 0.2484375
0 0.7125 0.87578125 0.07890625 0.2484375
0 0.62890625 0.88046875 0.1078125 0.2390625
0 0.55703125 0.88671875 0.096875 0.2265625
0 0.46875 0.88828125 0.10859375 0.22265625
0 0.37421875 0.88984375 0.11015625 0.2203125
0 0.2796875 0.8953125 0.1140625 0.209375
0 0.178125 0.89765625 0.125 0.2046875
0 0.0734375 0.90234375 0.134375 0.1953125
1 0.07734375 0.83046875 0.05234375 0.03203125
1 0.18046875 0.815625 0.05 0.03203125
1 0.4578125 0.79453125 0.04375 0.02421875