0 0.05390625 0.2609375 0.1078125 0.23125
0 0.12890625 0.2484375 0.103125 0.23359375
0 0.19453125 0.23828125 0.109375 0.240625
0 0.26796875 0.22421875 0.1 0.2375
0 0.33046875 0.20859375 0.0921875 0.23359375
0 0.3984375 0.19609375 0.08671875 0.23515625
0 0.47109375 0.17890625 0.103125 0.24140625
0 0.54375 0.1671875 0.1078125 0.24375
0 0.62109375 0.1546875 0.09609375 0.2421875
0 0.6859375 0.13984375 0.09140625 0.23203125
0 0.74921875 0.13671875 0.09609375 0.2546875
0 0.80859375 0.12578125 0.08984375 0.2515625
0 0.8609375 0.1234375 0.103125 0.246875
0 0.065625 0.6421875 0.13125 0.58125
0 0.1078125 0.61015625 0.20078125 0.584375
0 0.1890625 0.60546875 0.20078125 0.55703125
0 0.265625 0.58671875 0.2078125 0.55234375
0 0.34765625 0.57265625 0.21015625 0.5453125
0 0.41484375 0.55546875 0.20390625 0.5390625
0 0.490625 0.54375 0.1890625 0.5390625
0 0.5609375 0.528125 0.1890625 0.521875
0 0.628125 0.515625 0.18671875 0.5171875
0 0.696875 0.5 0.184375 0.52109375
0 0.7703125 0.484375 0.17890625 0.50234375
0 0.84140625 0.475 0.17578125 0.49296875
0 0.90234375 0.46015625 0.16484375 0.48046875
0 0.965625 0.81484375 0.06484375 0.2671875
0 0.9328125 0.821875 0.11328125 0.25546875
0 0.87421875 0.83046875 0.1171875 0.26640625
0 0.8125 0.8375 0.11171875 0.26328125
0 0.75546875 0.85234375 0.1109375 0.26796875
0 0.6953125 0.86015625 0.11953125 0.26484375
0 0.62578125 0.87265625 0.1234375 0.2546875
0 0.5640625 0.8828125 0.125 0.234375
0 0.4875 0.89375 0.0984375 0.21171875
0 0.41328125 0.903125 0.10625 0.19375
0 0.3390625 0.9109375 0.0734375 0.178125
0 0.26328125 0.9171875 0.08125 0.165625
0 0.18203125 0.92734375 0.07734375 0.1453125
0 0.103125 0.93359375 0.078125 0.1328125