0 0.9578125 0.63515625 0.084375 0.7296875
0 0.9296875 0.628125 0.1375 0.74375
0 0.85625 0.6171875 0.1625 0.76484375
0 0.7859375 0.5984375 0.184375 0.80234375
0 0.71875 0.60625 0.20234375 0.78671875
0 0.6421875 0.6 0.209375 0.79921875
0 0.575 0.59921875 0.2125 0.8015625
0 0.496875 0.58671875 0.228125 0.82578125
0 0.41953125 0.57890625 0.2359375 0.84140625
0 0.34765625 0.57890625 0.2296875 0.8421875
0 0.2734375 0.57578125 0.246875 0.8484375
0 0.18203125 0.56640625 0.2546875 0.8671875
0 0.1171875 0.54765625 0.234375 0.8453125
0 0.9609375 0.1453125 0.075 0.28984375
0 0.90625 0.14375 0.084375 0.2875
0 0.84296875 0.1296875 0.09140625 0.259375
0 0.7703125 0.12578125 0.084375 0.2515625
0 0.7 0.11953125 0.08203125 0.2390625
0 0.62890625 0.11484375 0.09375 0.22890625
0 0.55625 0.1046875 0.09375 0.209375
0 0.48125 0.1015625 0.0921875 0.203125
0 0.40703125 0.1 0.103125 0.19921875
0 0.3265625 0.09296875 0.09375 0.1859375
0 0.22890625 0.0921875 0.1109375 0.184375