0 0.94296875 0.9796875 0.1140625 0.040625
0 0.93984375 0.93125 0.11953125 0.11640625
0 0.940625 0.8484375 0.11875 0.10703125
0 0.9421875 0.75703125 0.115625 0.11015625
0 0.94375 0.66640625 0.1125 0.10546875
0 0.95 0.57421875 0.1 0.11640625
0 0.95078125 0.475 0.09765625 0.12890625
0 0.95390625 0.396875 0.0921875 0.12109375
0 0.96015625 0.296875 0.0796875 0.128125
0 0.96328125 0.1890625 0.0734375 0.1234375
0 0.96484375 0.08515625 0.0703125 0.13671875
0 0.5296875 0.96796875 0.77265625 0.0640625
0 0.51875 0.921875 0.77890625 0.1375
0 0.525 0.83125 0.79296875 0.13515625
0 0.5125 0.7390625 0.8046875 0.13203125
0 0.51953125 0.6359375 0.8265625 0.1453125
0 0.5171875 0.534375 0.834375 0.1375
0 0.5171875 0.4296875 0.85234375 0.1453125
0 0.52578125 0.3203125 0.85 0.14375
0 0.521875 0.20703125 0.88828125 0.140625
0 0.51875 0.08125 0.8859375 0.15390625
0 0.5125 0.0203125 0.9078125 0.040625
0 0.084375 0.96875 0.16796875 0.0625
0 0.07734375 0.90390625 0.1546875 0.1203125
0 0.07734375 0.82421875 0.1546875 0.13046875
0 0.0703125 0.72734375 0.13984375 0.1328125
0 0.06796875 0.63359375 0.13515625 0.12734375
0 0.06875 0.5328125 0.13671875 0.125
0 0.0625 0.4328125 0.12421875 0.13046875
0 0.06875 0.31640625 0.13671875 0.140625
0 0.0609375 0.2015625 0.121875 0.15
0 0.0625 0.0796875 0.125 0.15625