0 0.96171875 0.071875 0.075 0.05625
0 0.94140625 0.05625 0.1171875 0.08515625
0 0.9296875 0.05078125 0.1390625 0.10078125
0 0.93046875 0.04453125 0.13828125 0.0890625
0 0.91015625 0.0375 0.1015625 0.075
0 0.8265625 0.04375 0.08828125 0.0875
0 0.8328125 0.0546875 0.1 0.09375
0 0.8453125 0.0734375 0.06015625 0.05234375
0 0.73359375 0.04140625 0.08125 0.0828125
0 0.8609375 0.1328125 0.2765625 0.08125
0 0.86015625 0.19296875 0.27890625 0.06953125
0 0.86015625 0.25 0.2796875 0.065625
0 0.859375 0.30625 0.28125 0.07265625
0 0.85625 0.36171875 0.2859375 0.071875
0 0.85703125 0.41953125 0.2859375 0.0734375
0 0.8546875 0.475 0.28984375 0.06953125
0 0.85390625 0.53046875 0.2921875 0.07109375
0 0.85390625 0.58359375 0.2921875 0.07265625
0 0.85078125 0.63515625 0.2984375 0.0734375
0 0.85234375 0.6875 0.2953125 0.075
0 0.85234375 0.7375 0.2953125 0.078125
0 0.85234375 0.78984375 0.2953125 0.0859375
0 0.85078125 0.840625 0.2984375 0.084375
0 0.85234375 0.89140625 0.2953125 0.0828125
0 0.859375 0.9484375 0.28125 0.06953125
0 0.85703125 0.97734375 0.2859375 0.0453125
0 0.45546875 0.10390625 0.5640625 0.0671875
0 0.45078125 0.16953125 0.5859375 0.06875
0 0.45625 0.234375 0.578125 0.06640625
0 0.45859375 0.296875 0.565625 0.05625
0 0.45703125 0.35390625 0.5578125 0.05
0 0.46640625 0.4125 0.55234375 0.05625
0 0.46484375 0.471875 0.54375 0.05390625
0 0.465625 0.52578125 0.53671875 0.0546875
0 0.465625 0.58671875 0.5296875 0.06640625
0 0.46875 0.6375 0.5140625 0.0671875
0 0.46484375 0.68984375 0.509375 0.0703125
0 0.46484375 0.73984375 0.5078125 0.06015625
0 0.4671875 0.79609375 0.51015625 0.075
0 0.46953125 0.84609375 0.50859375 0.071875
0 0.4671875 0.90234375 0.503125 0.08046875
0 0.47734375 0.95859375 0.5125 0.08203125
0 0.5171875 0.98125 0.428125 0.0375
0 0.1015625 0.078125 0.20234375 0.12890625
0 0.096875 0.15078125 0.19375 0.1234375
0 0.10078125 0.2359375 0.2015625 0.084375
0 0.10546875 0.3015625 0.2109375 0.0875
0 0.10703125 0.3640625 0.21328125 0.08125
0 0.109375 0.42578125 0.21875 0.0796875
0 0.1125 0.4875 0.225 0.07578125
0 0.1140625 0.5453125 0.228125 0.071875
0 0.1140625 0.60234375 0.228125 0.06875
0 0.11484375 0.6625 0.2296875 0.0734375
0 0.11796875 0.715625 0.2359375 0.07734375
0 0.11640625 0.76640625 0.2328125 0.07265625
0 0.11953125 0.8109375 0.2390625 0.084375
0 0.11640625 0.8671875 0.23203125 0.08203125
0 0.12265625 0.91328125 0.2453125 0.0921875
0 0.1171875 0.9609375 0.234375 0.075
1 0.725 0.3703125 0.0171875 0.01796875
1 0.72578125 0.425 0.0171875 0.0171875
1 0.72421875 0.4796875 0.01796875 0.0171875
1 0.72421875 0.53203125 0.01953125 0.01875
1 0.72421875 0.584375 0.01640625 0.01875
1 0.7234375 0.6359375 0.01640625 0.01953125
1 0.71953125 0.6859375 0.0140625 0.01953125
1 0.71875 0.7328125 0.01640625 0.02421875
1 0.71953125 0.78671875 0.01796875 0.02578125
1 0.72109375 0.8359375 0.01796875 0.028125
1 0.72265625 0.8828125 0.01796875 0.0296875
1 0.7296875 0.984375 0.01171875 0.02109375