0 0.4765625 0.06015625 0.87890625 0.11953125
0 0.4953125 0.15078125 0.85 0.1140625
0 0.50234375 0.228125 0.85 0.09453125
0 0.51171875 0.3140625 0.84921875 0.08828125
0 0.534375 0.39140625 0.83984375 0.07734375
0 0.5484375 0.46640625 0.81328125 0.07421875
0 0.5609375 0.5453125 0.79765625 0.08359375
0 0.56640625 0.6171875 0.79765625 0.0703125
0 0.5859375 0.6921875 0.7953125 0.07265625
0 0.590625 0.765625 0.7859375 0.0640625
0 0.6 0.83125 0.77890625 0.06640625
0 0.609375 0.9078125 0.771875 0.0734375
0 0.6203125 0.9609375 0.759375 0.078125
0 0.0859375 0.40078125 0.17109375 0.08203125
0 0.096875 0.48515625 0.19375 0.1015625
0 0.10859375 0.57109375 0.2171875 0.0828125
0 0.11640625 0.6515625 0.23203125 0.0828125
0 0.12109375 0.72265625 0.2421875 0.0703125
0 0.12890625 0.79140625 0.25703125 0.06875
0 0.1328125 0.85703125 0.265625 0.0796875
0 0.14140625 0.93671875 0.28203125 0.07890625
0 0.14296875 0.97890625 0.2859375 0.0390625