0 0.48984375 0.028125 0.66640625 0.05625
0 0.5 0.09609375 0.6296875 0.0828125
0 0.49609375 0.16328125 0.625 0.075
0 0.5015625 0.2359375 0.61484375 0.07734375
0 0.509375 0.30078125 0.60078125 0.07109375
0 0.5046875 0.36484375 0.56640625 0.06328125
0 0.50546875 0.42734375 0.5734375 0.0671875
0 0.5078125 0.48984375 0.56484375 0.065625
0 0.50859375 0.54765625 0.56484375 0.0640625
0 0.51171875 0.60234375 0.5609375 0.059375
0 0.51328125 0.65625 0.54921875 0.06015625
0 0.51328125 0.70703125 0.5359375 0.06015625
0 0.51171875 0.7609375 0.53828125 0.0640625
0 0.509375 0.80859375 0.52578125 0.06796875
0 0.51015625 0.8625 0.52109375 0.06171875
0 0.509375 0.91328125 0.50859375 0.06015625
0 0.50703125 0.9640625 0.5234375 0.071875
0 0.1046875 0.05703125 0.209375 0.0765625
0 0.1046875 0.12578125 0.209375 0.06953125
0 0.1125 0.19453125 0.22421875 0.0734375
0 0.115625 0.25 0.23125 0.05859375
0 0.121875 0.31015625 0.24375 0.06484375
0 0.121875 0.3671875 0.24296875 0.0625
0 0.1234375 0.4296875 0.24609375 0.065625
0 0.1234375 0.48984375 0.24609375 0.0625
0 0.12734375 0.54453125 0.25390625 0.0640625
0 0.1296875 0.60078125 0.259375 0.053125
0 0.13203125 0.65 0.2640625 0.05625
0 0.13515625 0.70078125 0.2703125 0.05625
0 0.1359375 0.74453125 0.271875 0.0515625
0 0.134375 0.79609375 0.26875 0.0546875
0 0.13515625 0.8390625 0.2703125 0.046875
0 0.1359375 0.88046875 0.271875 0.0484375
0 0.13515625 0.92109375 0.2703125 0.04453125
0 0.13203125 0.9703125 0.2640625 0.059375
0 0.89375 0.07734375 0.2125 0.0734375
0 0.8921875 0.14140625 0.215625 0.0640625
0 0.88984375 0.2 0.21953125 0.05625
0 0.884375 0.25625 0.23125 0.05546875
0 0.8828125 0.3125 0.23359375 0.05625
0 0.8796875 0.3671875 0.240625 0.0625
0 0.87890625 0.42421875 0.24140625 0.0609375
0 0.878125 0.47734375 0.24375 0.0625
0 0.878125 0.53125 0.24375 0.0625
0 0.88046875 0.58125 0.2390625 0.059375
0 0.8796875 0.63125 0.240625 0.0625
0 0.87578125 0.684375 0.2484375 0.065625
0 0.87265625 0.74140625 0.25390625 0.07734375
0 0.87421875 0.7921875 0.25078125 0.07421875
0 0.87109375 0.834375 0.2578125 0.06796875
0 0.86875 0.88515625 0.2625 0.0625
0 0.871875 0.925 0.25625 0.0625
0 0.871875 0.96953125 0.25625 0.0609375
1 0.22734375 0.36875 0.02265625 0.03046875
1 0.2296875 0.42734375 0.0296875 0.02890625
1 0.2375 0.5359375 0.0171875 0.03046875
1 0.2546875 0.5921875 0.0203125 0.0234375
1 0.26015625 0.690625 0.01796875 0.025