0 0.05078125 0.11796875 0.1015625 0.2359375
0 0.14140625 0.134375 0.096875 0.26796875
0 0.22734375 0.1359375 0.0984375 0.271875
0 0.30390625 0.134375 0.0953125 0.26875
0 0.3859375 0.13671875 0.090625 0.2734375
0 0.46484375 0.13828125 0.08984375 0.27578125
0 0.53828125 0.134375 0.0828125 0.26875
0 0.61484375 0.1421875 0.08046875 0.284375
0 0.68671875 0.14453125 0.0765625 0.2890625
0 0.75625 0.13984375 0.0828125 0.2796875
0 0.82890625 0.14140625 0.0765625 0.2828125
0 0.8859375 0.1421875 0.0796875 0.284375
0 0.95 0.14375 0.1 0.2875
0 0.0671875 0.5328125 0.08828125 0.590625
0 0.01640625 0.5359375 0.03203125 0.60234375
0 0.13828125 0.53671875 0.1046875 0.58828125
0 0.21796875 0.53984375 0.1 0.59140625
0 0.296875 0.53984375 0.0984375 0.5734375
0 0.36953125 0.53671875 0.1 0.56640625
0 0.44921875 0.53828125 0.08828125 0.56953125
0 0.521875 0.53984375 0.0875 0.55390625
0 0.5890625 0.53125 0.0765625 0.53203125
0 0.65 0.52734375 0.0625 0.52265625
0 0.72265625 0.52578125 0.084375 0.521875
0 0.78984375 0.521875 0.07421875 0.51796875
0 0.85390625 0.5265625 0.0625 0.51484375
0 0.928125 0.5234375 0.07734375 0.51640625
0 0.97421875 0.528125 0.0515625 0.50625
0 0.9734375 0.8859375 0.0484375 0.228125
0 0.9125 0.88515625 0.08515625 0.22890625
0 0.83828125 0.88828125 0.07109375 0.2234375
0 0.7671875 0.8859375 0.06640625 0.228125
0 0.70234375 0.88515625 0.07109375 0.22890625
0 0.63671875 0.88515625 0.07421875 0.22890625
0 0.56640625 0.88828125 0.0671875 0.2234375
0 0.50234375 0.896875 0.071875 0.20546875
0 0.42734375 0.89765625 0.071875 0.2046875
0 0.35859375 0.89921875 0.0765625 0.2015625
0 0.28828125 0.90390625 0.06953125 0.19140625
0 0.21640625 0.90234375 0.0796875 0.1953125
0 0.1375 0.9046875 0.07265625 0.190625
0 0.0625 0.90546875 0.078125 0.1890625
0 0.0109375 0.90703125 0.021875 0.1859375