0 0.9265625 0.109375 0.146875 0.140625
0 0.915625 0.21328125 0.1640625 0.12265625
0 0.9109375 0.31953125 0.17421875 0.121875
0 0.90546875 0.41640625 0.184375 0.1265625
0 0.9046875 0.509375 0.18671875 0.1109375
0 0.90390625 0.5890625 0.18828125 0.12265625
0 0.89765625 0.6765625 0.2015625 0.125
0 0.89609375 0.75859375 0.20390625 0.12109375
0 0.89296875 0.83671875 0.21015625 0.13515625
0 0.8953125 0.9140625 0.209375 0.125
0 0.89140625 0.95859375 0.21640625 0.0828125
0 0.49609375 0.06328125 0.796875 0.1265625
0 0.50234375 0.1890625 0.7359375 0.184375
0 0.5140625 0.3234375 0.6765625 0.15625
0 0.5171875 0.43203125 0.659375 0.1609375
0 0.51796875 0.528125 0.6390625 0.17578125
0 0.51640625 0.6265625 0.63203125 0.19453125
0 0.51796875 0.721875 0.6140625 0.18125
0 0.51953125 0.80859375 0.59921875 0.1875
0 0.515625 0.8984375 0.58203125 0.203125
0 0.52265625 0.93359375 0.56484375 0.13203125
0 0.6796875 0.97265625 0.2359375 0.0546875
0 0.08046875 0.08515625 0.16015625 0.13828125
0 0.1015625 0.20625 0.20234375 0.15078125
0 0.1015625 0.3328125 0.203125 0.1421875
0 0.10625 0.4484375 0.2125 0.1421875
0 0.1125 0.5515625 0.225 0.1421875
0 0.11328125 0.66015625 0.2265625 0.14609375
0 0.11484375 0.76015625 0.22890625 0.14296875
0 0.11875 0.85234375 0.2375 0.1390625
0 0.1265625 0.93125 0.253125 0.1375
0 0.128125 0.97421875 0.25625 0.0515625