0 0.4875 0.97578125 0.11796875 0.0484375
0 0.42734375 0.9609375 0.22265625 0.078125
0 0.39140625 0.93984375 0.25390625 0.11953125
0 0.37890625 0.92265625 0.25625 0.13125
0 0.3671875 0.89375 0.26015625 0.12734375
0 0.35625 0.86015625 0.26328125 0.12109375
0 0.3421875 0.8296875 0.2671875 0.115625
0 0.32734375 0.79765625 0.2625 0.11015625
0 0.31484375 0.765625 0.259375 0.10546875
0 0.30390625 0.734375 0.26328125 0.10234375
0 0.29453125 0.70546875 0.26953125 0.09453125
0 0.28359375 0.6734375 0.2796875 0.08828125
0 0.27421875 0.64609375 0.2765625 0.08671875
0 0.26796875 0.61640625 0.28203125 0.0828125
0 0.2515625 0.590625 0.2828125 0.08046875
0 0.2421875 0.56015625 0.28359375 0.07265625
0 0.23359375 0.53203125 0.28203125 0.07109375
0 0.95078125 0.55390625 0.09765625 0.040625
1 0.9671875 0.5546875 0.0078125 0.00546875
1 0.75859375 0.50625 0.01796875 0.01875
0 0.78046875 0.5203125 0.29765625 0.10546875
0 0.64296875 0.6765625 0.09296875 0.03046875
0 0.628125 0.67109375 0.1015625 0.0328125
0 0.61796875 0.6640625 0.0890625 0.028125
0 0.62578125 0.65390625 0.10234375 0.034375
0 0.625 0.64609375 0.1015625 0.03359375
0 0.61953125 0.63828125 0.10234375 0.02890625
0 0.61875 0.63125 0.10078125 0.03203125
1 0.6828125 0.66796875 0.0078125 0.00546875
1 0.66328125 0.6296875 0.0078125 0.00625
1 0.66171875 0.62265625 0.00859375 0.00625
1 0.6546875 0.60703125 0.00859375 0.00546875
0 0.59140625 0.59609375 0.07578125 0.02734375
0 0.59453125 0.60390625 0.071875 0.025
0 0.5953125 0.6109375 0.06640625 0.02578125