0 0.54609375 0.1015625 0.8515625 0.1953125
0 0.57734375 0.1734375 0.84453125 0.18125
0 0.584375 0.25390625 0.83125 0.18671875
0 0.590625 0.334375 0.765625 0.18125
0 0.603125 0.40234375 0.76953125 0.16484375
0 0.62265625 0.46953125 0.74453125 0.1625
0 0.6421875 0.5328125 0.71484375 0.1625
0 0.65703125 0.59765625 0.68515625 0.153125
0 0.6734375 0.70078125 0.6515625 0.14609375
0 0.6875 0.75625 0.625 0.14375
0 0.69140625 0.80546875 0.6171875 0.14609375
0 0.70703125 0.84921875 0.58515625 0.13125
0 0.70859375 0.88125 0.58125 0.14453125
0 0.71484375 0.93125 0.5703125 0.1375
0 0.7546875 0.95234375 0.48984375 0.0953125
0 0.08203125 0.14609375 0.1640625 0.1171875
0 0.09609375 0.228125 0.19140625 0.11484375
0 0.109375 0.3078125 0.21796875 0.11015625
0 0.13125 0.38046875 0.2625 0.11171875
0 0.134375 0.45390625 0.2421875 0.1109375
0 0.153125 0.5234375 0.2578125 0.1125
0 0.175 0.5875 0.28125 0.11796875
0 0.19765625 0.65078125 0.2953125 0.11484375
0 0.20859375 0.71015625 0.3 0.10390625
0 0.2140625 0.75234375 0.3140625 0.1078125
0 0.234375 0.80703125 0.325 0.10546875
0 0.2390625 0.85859375 0.31875 0.1046875
0 0.26171875 0.90859375 0.35 0.115625
0 0.2703125 0.94375 0.34296875 0.11171875