0 0.90234375 0.978125 0.1953125 0.04375
0 0.91015625 0.94375 0.1796875 0.0984375
0 0.90703125 0.87734375 0.1859375 0.0984375
0 0.9078125 0.80234375 0.184375 0.096875
0 0.91328125 0.73046875 0.1734375 0.0984375
0 0.91328125 0.65625 0.17265625 0.10078125
0 0.92109375 0.58203125 0.15703125 0.09296875
0 0.9265625 0.5078125 0.14609375 0.0921875
0 0.9234375 0.42890625 0.153125 0.0921875
0 0.93125 0.34296875 0.1375 0.09296875
0 0.9390625 0.25625 0.12109375 0.0921875
0 0.9421875 0.16875 0.115625 0.1046875
0 0.94609375 0.078125 0.1078125 0.10703125
0 0.9265625 0.01640625 0.14609375 0.03203125
0 0.48125 0.98125 0.675 0.0375
0 0.49296875 0.93515625 0.7 0.075
0 0.48125 0.86796875 0.70390625 0.08359375
0 0.4859375 0.8 0.7 0.075
0 0.48125 0.73125 0.72734375 0.0828125
0 0.48671875 0.65703125 0.721875 0.0828125
0 0.4859375 0.58125 0.73984375 0.08203125
0 0.48671875 0.5078125 0.7703125 0.09453125
0 0.48515625 0.4234375 0.79375 0.09453125
0 0.49140625 0.33984375 0.7953125 0.1015625
0 0.4859375 0.25078125 0.8328125 0.1046875
0 0.48515625 0.16015625 0.8421875 0.1078125
0 0.48203125 0.0671875 0.86328125 0.115625
0 0.0859375 0.95 0.171875 0.1
0 0.07890625 0.91015625 0.15703125 0.16171875
0 0.071875 0.834375 0.14296875 0.1515625
0 0.06875 0.75625 0.1375 0.14375
0 0.06875 0.67734375 0.1375 0.1296875
0 0.046875 0.146875 0.09375 0.140625
0 0.05703125 0.2375 0.1140625 0.12265625
0 0.06171875 0.33515625 0.12265625 0.1125
1 0.05546875 0.25078125 0.04140625 0.05234375
1 0.05078125 0.15625 0.04296875 0.06015625
1 0.82109375 0.98125 0.02421875 0.0375
1 0.8328125 0.85703125 0.02578125 0.04609375
1 0.83984375 0.78359375 0.03046875 0.04609375
1 0.83828125 0.72109375 0.01953125 0.03984375
1 0.8515625 0.64609375 0.0359375 0.04453125
1 0.87578125 0.34375 0.0171875 0.03828125