0 0.8921875 0.07421875 0.21484375 0.0859375
0 0.88828125 0.13671875 0.22265625 0.10859375
0 0.89140625 0.1921875 0.2171875 0.084375
0 0.89296875 0.2609375 0.21328125 0.08203125
0 0.8921875 0.32109375 0.215625 0.07109375
0 0.89296875 0.384375 0.2140625 0.0765625
0 0.88828125 0.44375 0.2234375 0.06796875
0 0.8859375 0.50234375 0.228125 0.0703125
0 0.88203125 0.55859375 0.2359375 0.0671875
0 0.88125 0.6078125 0.2375 0.0703125
0 0.8765625 0.66015625 0.246875 0.06875
0 0.8765625 0.7109375 0.246875 0.06015625
0 0.87578125 0.75703125 0.2484375 0.05625
0 0.8734375 0.8609375 0.25234375 0.06171875
0 0.87109375 0.9046875 0.2578125 0.05859375
0 0.8703125 0.9484375 0.259375 0.0625
0 0.86953125 0.98125 0.2609375 0.0375
0 0.521875 0.0671875 0.5828125 0.11640625
0 0.5203125 0.14140625 0.58359375 0.1
0 0.509375 0.20390625 0.5875 0.08984375
0 0.51953125 0.26171875 0.57890625 0.0875
0 0.51953125 0.32421875 0.57265625 0.08359375
0 0.51640625 0.3828125 0.56640625 0.0796875
0 0.51875 0.44453125 0.5515625 0.06953125
0 0.5140625 0.5015625 0.5484375 0.06875
0 0.5140625 0.5546875 0.53984375 0.0640625
0 0.515625 0.61171875 0.53515625 0.06328125
0 0.50625 0.665625 0.5328125 0.0671875
0 0.50625 0.71640625 0.52265625 0.06953125
0 0.50703125 0.76875 0.5296875 0.075
0 0.503125 0.81953125 0.51484375 0.07265625
0 0.5078125 0.86640625 0.51640625 0.078125
0 0.50546875 0.9171875 0.50546875 0.0828125
0 0.50625 0.96015625 0.49921875 0.07421875
0 0.50703125 0.9828125 0.49453125 0.03359375
0 0.12890625 0.05 0.2578125 0.1
0 0.12890625 0.11015625 0.2578125 0.10390625
0 0.1265625 0.17890625 0.253125 0.10078125
0 0.12421875 0.24453125 0.2484375 0.090625
0 0.12421875 0.31015625 0.24609375 0.08046875
0 0.1265625 0.37109375 0.253125 0.0734375
0 0.12734375 0.43203125 0.2546875 0.06953125
0 0.128125 0.4890625 0.25625 0.06875
0 0.12890625 0.5453125 0.2578125 0.0671875
0 0.1296875 0.6015625 0.259375 0.06796875
0 0.12890625 0.6546875 0.2578125 0.06875
0 0.12890625 0.70703125 0.25703125 0.0640625
0 0.12890625 0.75703125 0.2578125 0.07265625
0 0.13125 0.80859375 0.26171875 0.0765625
0 0.13046875 0.86015625 0.2609375 0.07421875
0 0.1328125 0.91640625 0.265625 0.08359375
0 0.13515625 0.96015625 0.2703125 0.07890625
0 0.89609375 0.0171875 0.2078125 0.034375
0 0.89296875 0.03359375 0.21328125 0.0390625
0 0.7671875 0.0234375 0.06640625 0.046875
0 0.7546875 0.02265625 0.08203125 0.0453125
0 0.72578125 0.02265625 0.07265625 0.04453125
0 0.70546875 0.02265625 0.06640625 0.0453125
0 0.684375 0.02109375 0.053125 0.0421875
0 0.6703125 0.02109375 0.05 0.0421875
1 0.80390625 0.321875 0.01953125 0.03203125
1 0.81015625 0.2578125 0.02109375 0.03515625
1 0.8234375 0.19453125 0.028125 0.04140625
1 0.81953125 0.1375 0.02734375 0.0421875
1 0.80703125 0.09296875 0.01953125 0.0296875
1 0.78984375 0.43671875 0.01328125 0.025
1 0.7875 0.4953125 0.0140625 0.02578125
1 0.76796875 0.653125 0.0109375 0.0234375