0 0.903125 0.034375 0.19375 0.06875
0 0.896875 0.11484375 0.20625 0.1171875
0 0.8921875 0.18203125 0.215625 0.1109375
0 0.8796875 0.24921875 0.240625 0.0890625
0 0.8875 0.3015625 0.225 0.1015625
0 0.884375 0.37109375 0.23125 0.0984375
0 0.8734375 0.42109375 0.253125 0.0984375
0 0.86875 0.4765625 0.2625 0.0984375
0 0.86015625 0.5328125 0.27109375 0.08984375
0 0.8546875 0.58828125 0.27109375 0.0875
0 0.84609375 0.634375 0.26484375 0.0875
0 0.83828125 0.68125 0.27734375 0.08359375
0 0.82890625 0.7265625 0.27734375 0.09375
0 0.81640625 0.77421875 0.290625 0.08203125
0 0.80703125 0.8171875 0.29453125 0.08984375
0 0.7984375 0.8625 0.2921875 0.0765625
0 0.79453125 0.9125 0.2890625 0.0703125
0 0.78828125 0.959375 0.290625 0.08125
0 0.57109375 0.05078125 0.4921875 0.1015625
0 0.55625 0.103125 0.5 0.1015625
0 0.5546875 0.165625 0.5109375 0.0984375
0 0.54921875 0.2359375 0.52890625 0.096875
0 0.54375 0.28984375 0.528125 0.09453125
0 0.5390625 0.35390625 0.52734375 0.09765625
0 0.52578125 0.40234375 0.5296875 0.08828125
0 0.52265625 0.46171875 0.51796875 0.08671875
0 0.51015625 0.52109375 0.51640625 0.10625
0 0.49453125 0.578125 0.50546875 0.115625
0 0.4921875 0.6265625 0.4953125 0.11796875
0 0.48515625 0.67734375 0.49375 0.1015625
0 0.4765625 0.721875 0.48359375 0.115625
0 0.47265625 0.76875 0.4765625 0.11328125
0 0.4671875 0.81796875 0.46484375 0.1125
0 0.4578125 0.8609375 0.44609375 0.0953125
0 0.459375 0.90546875 0.4390625 0.0984375
0 0.45078125 0.95 0.4453125 0.09140625
0 0.21953125 0.02578125 0.20625 0.05078125
0 0.2328125 0.06015625 0.2046875 0.10625
0 0.225 0.1203125 0.21328125 0.09765625
0 0.2109375 0.18828125 0.2265625 0.109375
0 0.2015625 0.25234375 0.19921875 0.08359375
0 0.19453125 0.3171875 0.209375 0.08203125
0 0.1890625 0.375 0.22109375 0.08046875
0 0.1796875 0.4375 0.2125 0.07734375
0 0.1703125 0.49140625 0.2171875 0.075
0 0.1578125 0.55 0.215625 0.07421875
0 0.153125 0.6046875 0.225 0.0765625
0 0.153125 0.66328125 0.2203125 0.06640625
0 0.1484375 0.7203125 0.22578125 0.06953125
0 0.1390625 0.76875 0.24453125 0.06328125
0 0.13359375 0.82578125 0.24375 0.06328125
0 0.1328125 0.87265625 0.24921875 0.06171875
0 0.13203125 0.921875 0.26328125 0.0734375