0 0.853125 0.18671875 0.25 0.09765625
0 0.84765625 0.24453125 0.2640625 0.08828125
0 0.85625 0.30234375 0.2859375 0.09296875
0 0.85859375 0.3609375 0.28203125 0.09375
0 0.859375 0.41171875 0.28046875 0.090625
0 0.8609375 0.4671875 0.27734375 0.0953125
0 0.86328125 0.525 0.27265625 0.09296875
0 0.8609375 0.57734375 0.27734375 0.08984375
0 0.86484375 0.63125 0.2703125 0.090625
0 0.86875 0.678125 0.2625 0.06640625
0 0.86796875 0.72734375 0.2640625 0.08828125
0 0.865625 0.778125 0.26796875 0.0640625
0 0.87109375 0.821875 0.2578125 0.0890625
0 0.87265625 0.87109375 0.2546875 0.08125
0 0.8734375 0.91796875 0.253125 0.075
0 0.875 0.95859375 0.25 0.0796875
0 0.41640625 0.17265625 0.66875 0.1609375
0 0.43125 0.25234375 0.6328125 0.14921875
0 0.4421875 0.3203125 0.590625 0.12578125
0 0.44296875 0.37734375 0.59140625 0.1203125
0 0.453125 0.43359375 0.57421875 0.1140625
0 0.4578125 0.48984375 0.56796875 0.11015625
0 0.4640625 0.5421875 0.55625 0.10078125
0 0.46796875 0.59296875 0.55703125 0.096875
0 0.475 0.64296875 0.5546875 0.09296875
0 0.48125 0.690625 0.54921875 0.096875
0 0.490625 0.7390625 0.5203125 0.09296875
0 0.4953125 0.78046875 0.5203125 0.0921875
0 0.5046875 0.83125 0.5203125 0.08828125
0 0.51328125 0.871875 0.51875 0.0859375
0 0.5140625 0.9203125 0.51328125 0.0765625
0 0.52265625 0.9609375 0.51484375 0.078125
0 0.06015625 0.19609375 0.11953125 0.065625
0 0.06640625 0.24296875 0.1328125 0.0703125
0 0.071875 0.2953125 0.14375 0.07890625
0 0.0859375 0.34453125 0.17109375 0.075
0 0.0921875 0.40078125 0.1796875 0.078125
0 0.09375 0.45703125 0.1875 0.075
0 0.09765625 0.50703125 0.1953125 0.06328125
0 0.1 0.56015625 0.2 0.05625
0 0.10625 0.609375 0.21171875 0.05703125
0 0.11015625 0.65390625 0.2203125 0.0515625
0 0.115625 0.70234375 0.23125 0.046875
0 0.12890625 0.74765625 0.2578125 0.0515625
0 0.1375 0.78984375 0.275 0.0421875
0 0.13359375 0.8390625 0.2671875 0.046875
0 0.13984375 0.8828125 0.2796875 0.053125
0 0.140625 0.93515625 0.28125 0.0640625
0 0.1515625 0.971875 0.28203125 0.05625