0 0.9140625 0.07109375 0.17109375 0.07109375
0 0.90625 0.12421875 0.18671875 0.06953125
0 0.90390625 0.1828125 0.1921875 0.0671875
0 0.89140625 0.24296875 0.21640625 0.06875
0 0.89296875 0.30546875 0.2140625 0.0578125
0 0.88984375 0.35859375 0.21953125 0.0671875
0 0.88828125 0.41875 0.2234375 0.06484375
0 0.89140625 0.47265625 0.21640625 0.059375
0 0.8875 0.525 0.225 0.04921875
0 0.8859375 0.5734375 0.228125 0.05
0 0.88203125 0.625 0.2359375 0.053125
0 0.875 0.68046875 0.24921875 0.04921875
0 0.8734375 0.7265625 0.253125 0.0453125
0 0.87265625 0.77734375 0.2546875 0.046875
0 0.86875 0.825 0.26171875 0.0484375
0 0.8703125 0.87734375 0.259375 0.0671875
0 0.871875 0.93515625 0.25625 0.053125
0 0.87265625 0.97890625 0.2546875 0.04140625
0 0.52421875 0.0625 0.66015625 0.109375
0 0.52421875 0.1640625 0.61875 0.1125
0 0.51953125 0.24140625 0.57421875 0.08125
0 0.51875 0.3 0.5703125 0.08359375
0 0.52109375 0.35703125 0.56015625 0.08515625
0 0.51953125 0.42265625 0.55390625 0.08046875
0 0.5265625 0.48203125 0.55390625 0.06015625
0 0.51796875 0.534375 0.546875 0.06015625
0 0.51875 0.5875 0.54296875 0.06640625
0 0.51640625 0.6390625 0.53359375 0.06328125
0 0.5140625 0.69140625 0.51484375 0.04765625
0 0.5125 0.7359375 0.515625 0.05
0 0.51328125 0.7890625 0.50625 0.05390625
0 0.51171875 0.840625 0.4953125 0.03984375
0 0.5109375 0.890625 0.4984375 0.04453125
0 0.51328125 0.93671875 0.4921875 0.0390625
0 0.50859375 0.9765625 0.48984375 0.046875
0 0.109375 0.1140625 0.21875 0.078125
0 0.11484375 0.18203125 0.2296875 0.0765625
0 0.12421875 0.246875 0.2484375 0.07421875
0 0.1296875 0.3015625 0.259375 0.0703125
0 0.13125 0.35859375 0.2625 0.0796875
0 0.13046875 0.42421875 0.2609375 0.078125
0 0.13125 0.4828125 0.2625 0.071875
0 0.134375 0.54375 0.26796875 0.06875
0 0.134375 0.6 0.26796875 0.06875
0 0.134375 0.65703125 0.26796875 0.0671875
0 0.1359375 0.71171875 0.271875 0.0640625
0 0.13984375 0.76015625 0.2796875 0.0640625
0 0.13984375 0.81640625 0.2796875 0.0578125
0 0.140625 0.8640625 0.28125 0.05625
0 0.14296875 0.9140625 0.2859375 0.04765625
0 0.13984375 0.95859375 0.2796875 0.0484375
0 0.1421875 0.97734375 0.284375 0.0453125