0 0.92109375 0.05546875 0.1578125 0.10390625
0 0.9296875 0.1421875 0.140625 0.08984375
0 0.921875 0.23046875 0.15546875 0.07890625
0 0.9171875 0.303125 0.16484375 0.084375
0 0.91875 0.378125 0.16171875 0.0859375
0 0.91875 0.4578125 0.16171875 0.08984375
0 0.921875 0.53046875 0.15625 0.0859375
0 0.91796875 0.6 0.1640625 0.090625
0 0.9140625 0.6671875 0.1671875 0.0890625
0 0.9078125 0.74140625 0.1796875 0.08359375
0 0.9078125 0.8125 0.18046875 0.0890625
0 0.90625 0.8703125 0.1875 0.109375
0 0.903125 0.9328125 0.19375 0.1078125
0 0.9078125 0.98515625 0.184375 0.02890625
0 0.56796875 0.02734375 0.57890625 0.05390625
0 0.565625 0.075 0.57890625 0.07421875
0 0.5640625 0.15234375 0.62109375 0.096875
0 0.56015625 0.23203125 0.60859375 0.08046875
0 0.5578125 0.30625 0.6015625 0.096875
0 0.56640625 0.38203125 0.58125 0.0984375
0 0.559375 0.4578125 0.58828125 0.09453125
0 0.5703125 0.5265625 0.58359375 0.09921875
0 0.571875 0.5875 0.575 0.10234375
0 0.56640625 0.65859375 0.565625 0.10078125
0 0.56484375 0.71953125 0.55625 0.109375
0 0.56171875 0.78046875 0.54375 0.10234375
0 0.56328125 0.84375 0.5375 0.09765625
0 0.5609375 0.89609375 0.5296875 0.1140625
0 0.55546875 0.94765625 0.51796875 0.1046875
0 0.425 0.975 0.2515625 0.05
0 0.140625 0.0203125 0.28125 0.040625
0 0.14765625 0.07265625 0.2953125 0.096875
0 0.1359375 0.1484375 0.271875 0.096875
0 0.1390625 0.22421875 0.27734375 0.08984375
0 0.14140625 0.29609375 0.2828125 0.0953125
0 0.1453125 0.36640625 0.290625 0.0875
0 0.14140625 0.4375 0.2828125 0.08671875
0 0.1484375 0.4984375 0.296875 0.08125
0 0.15 0.5625 0.3 0.071875
0 0.15078125 0.63203125 0.3015625 0.08046875
0 0.15546875 0.690625 0.3109375 0.075
0 0.15625 0.753125 0.3125 0.0640625
0 0.1578125 0.8109375 0.315625 0.07890625
0 0.16171875 0.87421875 0.32265625 0.07421875
0 0.159375 0.9328125 0.31875 0.0765625
0 0.16015625 0.978125 0.3203125 0.04296875