0 0.29375 0.07109375 0.5875 0.14140625
0 0.29140625 0.0984375 0.52734375 0.18828125
0 0.275 0.14140625 0.5140625 0.18984375
0 0.275 0.19375 0.525 0.1953125
0 0.26171875 0.2359375 0.5046875 0.1890625
0 0.25390625 0.284375 0.5046875 0.19296875
0 0.24765625 0.32578125 0.4953125 0.1875
0 0.24375 0.37421875 0.4875 0.1828125
0 0.23984375 0.41640625 0.4796875 0.1890625
0 0.234375 0.45546875 0.46875 0.18828125
0 0.22890625 0.4984375 0.4578125 0.184375
0 0.22578125 0.5390625 0.4515625 0.175
0 0.2140625 0.578125 0.428125 0.1796875
0 0.21015625 0.6171875 0.4203125 0.171875
0 0.2125 0.65546875 0.425 0.1609375
0 0.82734375 0.5640625 0.0921875 0.040625
0 0.8234375 0.575 0.09609375 0.0359375
0 0.82109375 0.58359375 0.09375 0.0328125
0 0.82109375 0.5921875 0.09296875 0.0390625
0 0.96640625 0.56015625 0.06171875 0.0296875
0 0.9640625 0.56875 0.0640625 0.025
0 0.96171875 0.57578125 0.0625 0.025
0 0.96015625 0.58203125 0.06328125 0.02734375
0 0.95859375 0.58828125 0.06484375 0.02578125
0 0.95625 0.5890625 0.0640625 0.025
0 0.95390625 0.59765625 0.0640625 0.02734375
0 0.953125 0.60703125 0.0625 0.0296875
0 0.94921875 0.6125 0.0640625 0.02578125
0 0.946875 0.62421875 0.06328125 0.0328125
0 0.884375 0.53671875 0.0875 0.03203125
0 0.88671875 0.54609375 0.0921875 0.03046875
0 0.8875 0.5515625 0.09296875 0.03046875
0 0.8859375 0.55859375 0.0890625 0.028125
0 0.88359375 0.56484375 0.08671875 0.0328125
0 0.8828125 0.57109375 0.08828125 0.03046875
0 0.89453125 0.5796875 0.0546875 0.02265625
0 0.89296875 0.5875 0.05 0.0203125