0 0.415625 0.7734375 0.83046875 0.18359375
0 0.40625 0.6796875 0.8125 0.209375
0 0.40078125 0.61640625 0.80078125 0.24609375
0 0.403125 0.55625 0.7484375 0.25390625
0 0.39921875 0.4953125 0.71875 0.26328125
0 0.4078125 0.45234375 0.7 0.27109375
0 0.4140625 0.40625 0.675 0.27109375
0 0.41640625 0.36875 0.65 0.2703125
0 0.40625 0.3359375 0.6328125 0.2703125
0 0.40546875 0.30859375 0.6 0.26953125
0 0.3234375 0.859375 0.20234375 0.02265625
0 0.32265625 0.88515625 0.21484375 0.03203125
0 0.31640625 0.91953125 0.21796875 0.03984375
0 0.31171875 0.95390625 0.225 0.0515625
0 0.30625 0.9796875 0.22734375 0.040625
0 0.61796875 0.8703125 0.38203125 0.06171875
0 0.62734375 0.9265625 0.40625 0.0609375
0 0.634375 0.96796875 0.4375 0.06328125
0 0.51171875 0.9859375 0.2109375 0.028125
0 0.784375 0.453125 0.14921875 0.09140625
0 0.79296875 0.48984375 0.1453125 0.08515625
0 0.79609375 0.52265625 0.13515625 0.08203125
0 0.79609375 0.56015625 0.12890625 0.0765625
0 0.8 0.5984375 0.12109375 0.071875
0 0.809375 0.63828125 0.10625 0.06953125
0 0.815625 0.6796875 0.09765625 0.0625
0 0.82109375 0.72421875 0.08203125 0.06328125
0 0.8265625 0.77265625 0.07734375 0.06015625
0 0.8328125 0.81875 0.0703125 0.059375
0 0.83671875 0.87265625 0.0640625 0.05859375
0 0.8359375 0.93046875 0.06015625 0.06015625
0 0.84453125 0.9765625 0.03984375 0.04609375
0 0.08671875 0.8578125 0.075 0.02265625
0 0.08828125 0.86796875 0.090625 0.03046875
0 0.08359375 0.8875 0.0890625 0.02265625
0 0.078125 0.91015625 0.0921875 0.02265625
0 0.0734375 0.93203125 0.090625 0.028125
0 0.065625 0.95390625 0.08671875 0.03046875
0 0.05703125 0.975 0.08046875 0.03359375
0 0.05078125 0.9890625 0.06640625 0.021875
1 0.79453125 0.80703125 0.03515625 0.03203125
1 0.78125 0.74765625 0.03203125 0.03125
1 0.76875 0.69296875 0.02734375 0.03046875
1 0.75234375 0.64296875 0.02890625 0.03046875
1 0.734375 0.59609375 0.028125 0.02890625
1 0.7265625 0.5515625 0.02734375 0.0296875
1 0.7171875 0.51171875 0.02578125 0.02734375
1 0.70546875 0.47734375 0.0265625 0.02734375
1 0.678125 0.41328125 0.0265625 0.0265625
1 0.68671875 0.4421875 0.028125 0.02890625