0 0.50234375 0.9640625 0.6484375 0.071875
0 0.49609375 0.91796875 0.6671875 0.07421875
0 0.51875 0.86328125 0.6984375 0.08671875
0 0.528125 0.80390625 0.69453125 0.1046875
0 0.53046875 0.7375 0.70859375 0.08671875
0 0.475 0.678125 0.7421875 0.096875
0 0.515625 0.60234375 0.76796875 0.0984375
0 0.4984375 0.52734375 0.78203125 0.096875
0 0.49140625 0.45 0.8078125 0.10546875
0 0.48046875 0.3640625 0.8234375 0.1125
0 0.5125 0.27578125 0.8578125 0.12265625
0 0.5484375 0.17734375 0.90234375 0.134375
0 0.49140625 0.08359375 0.92421875 0.1671875
0 0.51953125 0.015625 0.8453125 0.03125
0 0.9046875 0.96484375 0.1875 0.0703125
0 0.91171875 0.9078125 0.1765625 0.08984375
0 0.91484375 0.85625 0.16953125 0.084375
0 0.92109375 0.79921875 0.1578125 0.08671875
0 0.92265625 0.740625 0.1546875 0.078125
0 0.90859375 0.66953125 0.1828125 0.0984375
0 0.93125 0.60234375 0.13671875 0.0890625
0 0.93046875 0.528125 0.1390625 0.08515625
0 0.93203125 0.45078125 0.1359375 0.0953125
0 0.92890625 0.36484375 0.14140625 0.0984375
1 0.87734375 0.65390625 0.03203125 0.04453125
1 0.86640625 0.78203125 0.0203125 0.0359375
1 0.86953125 0.7203125 0.021875 0.02890625