0 0.2546875 0.03515625 0.509375 0.0703125
0 0.2625 0.0828125 0.525 0.09375
0 0.2640625 0.14296875 0.525 0.0890625
0 0.2625 0.2046875 0.521875 0.0953125
0 0.2671875 0.2578125 0.534375 0.09375
0 0.26015625 0.315625 0.5203125 0.0890625
0 0.26640625 0.371875 0.5328125 0.071875
0 0.27109375 0.4265625 0.5421875 0.075
0 0.2859375 0.4796875 0.57109375 0.078125
0 0.2765625 0.52578125 0.553125 0.0828125
0 0.29453125 0.578125 0.55703125 0.0890625
0 0.30078125 0.62734375 0.55 0.0796875
0 0.3 0.6765625 0.54296875 0.08671875
0 0.3125 0.721875 0.52890625 0.0796875
0 0.309375 0.77421875 0.5203125 0.07265625
0 0.32890625 0.8125 0.51171875 0.06640625
0 0.9515625 0.4921875 0.096875 0.021875
0 0.9515625 0.50703125 0.09609375 0.0125
0 0.953125 0.51640625 0.09375 0.0125
0 0.9515625 0.528125 0.09609375 0.015625
0 0.9828125 0.4390625 0.034375 0.0125
0 0.98125 0.4484375 0.0375 0.0109375
0 0.98125 0.45625 0.0375 0.009375
0 0.98125 0.4640625 0.03671875 0.01171875
0 0.98203125 0.47265625 0.0359375 0.0109375
0 0.98125 0.47890625 0.03671875 0.01015625
0 0.97109375 0.43046875 0.05703125 0.01171875
0 0.95625 0.4390625 0.02421875 0.009375
0 0.928125 0.44765625 0.04453125 0.0109375
0 0.92578125 0.4546875 0.0390625 0.01015625
0 0.92734375 0.46015625 0.0390625 0.00859375
0 0.92734375 0.465625 0.04140625 0.00859375
0 0.92734375 0.471875 0.04140625 0.00859375
0 0.92734375 0.478125 0.03984375 0.0109375