0 0.5125 0.165625 0.79765625 0.2359375
0 0.49453125 0.27890625 0.76640625 0.23359375
0 0.47734375 0.3625 0.7609375 0.21875
0 0.4609375 0.44609375 0.74609375 0.2171875
0 0.4296875 0.53515625 0.72890625 0.22109375
0 0.4125 0.60703125 0.71953125 0.215625
0 0.40625 0.67734375 0.675 0.1984375
0 0.4015625 0.74765625 0.66015625 0.19375
0 0.384375 0.8125 0.6375 0.196875
0 0.38046875 0.87890625 0.62890625 0.19765625
0 0.32890625 0.9515625 0.50859375 0.09609375
0 0.9328125 0.23046875 0.13125 0.15
0 0.9109375 0.328125 0.178125 0.1515625
0 0.90546875 0.42109375 0.1890625 0.1453125
0 0.89375 0.5046875 0.2125 0.1625
0 0.88125 0.596875 0.23671875 0.15703125
0 0.86640625 0.6734375 0.2671875 0.16015625
0 0.85078125 0.7421875 0.2984375 0.14453125
0 0.84921875 0.81171875 0.3015625 0.14609375
0 0.8375 0.884375 0.32421875 0.140625
0 0.8375 0.93984375 0.3203125 0.11953125
0 0.11328125 0.065625 0.11328125 0.08984375
0 0.1078125 0.1328125 0.11328125 0.11015625
0 0.08828125 0.22578125 0.1078125 0.13125
0 0.078125 0.31015625 0.11015625 0.11875
0 0.07109375 0.38828125 0.1140625 0.134375
0 0.05625 0.4640625 0.10390625 0.1265625
0 0.05 0.5390625 0.09921875 0.09765625
0 0.04453125 0.8671875 0.0890625 0.0890625
0 0.04765625 0.91484375 0.09453125 0.0796875
0 0.0484375 0.9578125 0.096875 0.084375
0 0.05 0.66796875 0.1 0.1015625
0 0.046875 0.74609375 0.09296875 0.103125
0 0.0484375 0.59375 0.096875 0.103125