0 0.79453125 0.965625 0.184375 0.06875
0 0.85625 0.8453125 0.14609375 0.09453125
0 0.86953125 0.7859375 0.15859375 0.084375
0 0.88125 0.73359375 0.15390625 0.08203125
0 0.91171875 0.6796875 0.134375 0.090625
0 0.93515625 0.6171875 0.1234375 0.08828125
0 0.9359375 0.54921875 0.128125 0.1
0 0.94375 0.48671875 0.11171875 0.09609375
0 0.95390625 0.4140625 0.0921875 0.103125
0 0.4375 0.9625 0.55625 0.07421875
0 0.4515625 0.9296875 0.565625 0.13984375
0 0.46640625 0.90078125 0.56484375 0.13046875
0 0.478125 0.853125 0.60546875 0.1453125
0 0.50078125 0.803125 0.6078125 0.14765625
0 0.51015625 0.73984375 0.62890625 0.16015625
0 0.521875 0.68984375 0.62734375 0.1453125
0 0.54921875 0.63671875 0.66953125 0.1703125
0 0.55859375 0.5671875 0.69609375 0.18125
0 0.565625 0.49765625 0.7015625 0.1921875
0 0.578125 0.425 0.71640625 0.19765625
0 0.60625 0.35078125 0.71484375 0.20390625
0 0.6234375 0.2703125 0.746875 0.23203125
0 0.6359375 0.18203125 0.728125 0.2296875
0 0.6390625 0.10546875 0.721875 0.2109375
0 0.090625 0.928125 0.18125 0.090625
0 0.0984375 0.8921875 0.196875 0.096875
0 0.103125 0.85390625 0.20625 0.09375
0 0.09375 0.796875 0.18671875 0.096875
0 0.1109375 0.7375 0.221875 0.09765625
0 0.11171875 0.675 0.22265625 0.10546875
0 0.11640625 0.634375 0.2328125 0.103125
0 0.1203125 0.56953125 0.23984375 0.1109375
0 0.121875 0.5 0.24375 0.115625
0 0.121875 0.42734375 0.24375 0.1265625
0 0.13515625 0.35078125 0.2328125 0.12734375
0 0.1578125 0.27734375 0.2265625 0.12265625
0 0.1765625 0.1984375 0.22265625 0.13359375
0 0.1984375 0.1203125 0.23671875 0.13671875
0 0.2140625 0.04453125 0.19375 0.0890625