0 0.25625 0.02734375 0.51171875 0.0546875
0 0.2515625 0.07734375 0.503125 0.0578125
0 0.25078125 0.14375 0.5015625 0.065625
0 0.246875 0.2015625 0.49375 0.0546875
0 0.25 0.2515625 0.5 0.0578125
0 0.25625 0.31171875 0.5 0.06953125
0 0.25234375 0.36875 0.4921875 0.06171875
0 0.25703125 0.421875 0.4953125 0.06484375
0 0.26484375 0.47578125 0.4875 0.05859375
0 0.2671875 0.525 0.47890625 0.05625
0 0.27109375 0.575 0.48046875 0.05625
0 0.27265625 0.621875 0.4671875 0.05625
0 0.27421875 0.671875 0.4609375 0.0546875
0 0.2953125 0.725 0.4609375 0.0703125
0 0.9765625 0.36015625 0.046875 0.0171875
0 0.97421875 0.37109375 0.0515625 0.0171875
0 0.97421875 0.3828125 0.0515625 0.015625
0 0.9734375 0.39296875 0.053125 0.01640625
0 0.97265625 0.403125 0.0546875 0.01875
0 0.9734375 0.4125 0.053125 0.015625
0 0.975 0.4234375 0.05 0.01640625
0 0.97265625 0.43359375 0.0546875 0.0171875
0 0.9734375 0.446875 0.053125 0.02265625
0 0.85546875 0.409375 0.0921875 0.025
0 0.86015625 0.4265625 0.08046875 0.0140625
0 0.8578125 0.43671875 0.08125 0.01171875
0 0.859375 0.4484375 0.08359375 0.01328125
0 0.903125 0.359375 0.08828125 0.0140625
0 0.90625 0.36953125 0.09296875 0.009375
0 0.90625 0.3765625 0.08984375 0.01015625
0 0.90390625 0.3859375 0.090625 0.01015625
0 0.90390625 0.39453125 0.08671875 0.009375
0 0.90546875 0.4015625 0.0828125 0.00859375
0 0.91640625 0.41015625 0.0609375 0.00703125
0 0.91953125 0.41953125 0.05078125 0.0109375
0 0.83046875 0.36484375 0.03515625 0.0109375
0 0.8296875 0.37109375 0.03359375 0.00625
0 0.83046875 0.37734375 0.034375 0.0078125
0 0.8296875 0.384375 0.03515625 0.0078125
0 0.82890625 0.39140625 0.03515625 0.0078125
0 0.828125 0.39765625 0.0328125 0.00625