0 0.86328125 0.05 0.2734375 0.1
0 0.8625 0.13359375 0.275 0.096875
0 0.8625 0.209375 0.27421875 0.08828125
0 0.86171875 0.290625 0.2765625 0.0953125
0 0.86015625 0.36796875 0.2796875 0.09140625
0 0.8578125 0.44453125 0.284375 0.0984375
0 0.85703125 0.51796875 0.2859375 0.0953125
0 0.85546875 0.5875 0.2890625 0.1
0 0.85546875 0.6625 0.2890625 0.09375
0 0.85390625 0.7421875 0.2921875 0.09375
0 0.85625 0.8078125 0.2875 0.096875
0 0.853125 0.878125 0.29375 0.1
0 0.8515625 0.9421875 0.296875 0.115625
0 0.44765625 0.02890625 0.60078125 0.0578125
0 0.4484375 0.09609375 0.6046875 0.10234375
0 0.4515625 0.1796875 0.5984375 0.1046875
0 0.44921875 0.271875 0.590625 0.08125
0 0.45390625 0.35546875 0.57734375 0.078125
0 0.4578125 0.4359375 0.565625 0.07734375
0 0.45234375 0.51171875 0.55859375 0.075
0 0.45546875 0.58984375 0.54921875 0.08046875
0 0.4578125 0.6625 0.54375 0.0796875
0 0.45859375 0.73828125 0.5453125 0.10859375
0 0.4625 0.809375 0.53671875 0.10703125
0 0.46328125 0.88125 0.528125 0.1140625
0 0.46328125 0.94765625 0.528125 0.1046875
0 0.08359375 0.04140625 0.1671875 0.0828125
0 0.08671875 0.096875 0.1734375 0.1546875
0 0.09375 0.19296875 0.1875 0.11484375
0 0.090625 0.2765625 0.18125 0.1109375
0 0.0953125 0.365625 0.190625 0.109375
0 0.09921875 0.453125 0.1984375 0.09765625
0 0.1015625 0.534375 0.203125 0.09375
0 0.1046875 0.61015625 0.209375 0.103125
0 0.10546875 0.684375 0.2109375 0.103125
0 0.10546875 0.76875 0.2109375 0.0921875
0 0.1078125 0.84140625 0.215625 0.0859375
0 0.109375 0.934375 0.21875 0.13125
1 0.72265625 0.94453125 0.0203125 0.0390625
1 0.7265625 0.7375 0.0203125 0.02890625
1 0.72734375 0.675 0.02109375 0.04296875
1 0.72890625 0.596875 0.015625 0.02578125
1 0.73046875 0.52578125 0.0171875 0.021875
1 0.73203125 0.45 0.015625 0.0234375
1 0.73125 0.375 0.0125 0.02421875
1 0.725 0.80859375 0.015625 0.02734375
1 0.721875 0.87265625 0.01796875 0.0328125