0 0.925 0.01875 0.15 0.0375
0 0.93671875 0.08125 0.1265625 0.10625
0 0.9421875 0.17109375 0.1140625 0.103125
0 0.9328125 0.259375 0.1328125 0.0984375
0 0.93203125 0.34375 0.1359375 0.096875
0 0.92421875 0.4296875 0.1515625 0.090625
0 0.92734375 0.51015625 0.1453125 0.08828125
0 0.92109375 0.5828125 0.1578125 0.08828125
0 0.91328125 0.6578125 0.17265625 0.0984375
0 0.9125 0.73359375 0.17421875 0.09453125
0 0.90859375 0.80390625 0.1828125 0.09296875
0 0.90859375 0.8734375 0.1828125 0.0984375
0 0.91328125 0.94921875 0.1734375 0.0859375
0 0.9015625 0.98046875 0.196875 0.0390625
0 0.48984375 0.0140625 0.78046875 0.028125
0 0.48125 0.065625 0.865625 0.11796875
0 0.48671875 0.16171875 0.84140625 0.115625
0 0.48515625 0.253125 0.83359375 0.11015625
0 0.4921875 0.33984375 0.79609375 0.10234375
0 0.4828125 0.42578125 0.8 0.096875
0 0.4859375 0.509375 0.778125 0.09375
0 0.48828125 0.58125 0.74609375 0.084375
0 0.48671875 0.6578125 0.73125 0.0921875
0 0.47890625 0.73046875 0.73515625 0.0921875
0 0.4859375 0.80546875 0.703125 0.0859375
0 0.48515625 0.86484375 0.6984375 0.0859375
0 0.49375 0.93515625 0.6953125 0.0921875
0 0.48203125 0.97890625 0.67421875 0.04140625
0 0.0765625 0.91015625 0.153125 0.16484375
0 0.0796875 0.94375 0.159375 0.1125
0 0.08203125 0.8953125 0.1640625 0.1890625
0 0.07734375 0.83671875 0.1546875 0.159375
0 0.075 0.75390625 0.15 0.15390625
0 0.075 0.67578125 0.15 0.1359375
0 0.0734375 0.596875 0.146875 0.1171875
1 0.05 0.15625 0.04375 0.05546875
1 0.0546875 0.2515625 0.0421875 0.0515625
1 0.83359375 0.85625 0.02421875 0.04296875
1 0.8203125 0.98125 0.02578125 0.0375
1 0.83984375 0.784375 0.028125 0.04375
1 0.8375 0.72109375 0.01640625 0.03359375
1 0.85078125 0.6453125 0.03125 0.04296875
1 0.87578125 0.34453125 0.01796875 0.03515625