0 0.9515625 0.0203125 0.096875 0.040625
0 0.95 0.05703125 0.1 0.0421875
0 0.94765625 0.09765625 0.1046875 0.03828125
0 0.9515625 0.1375 0.096875 0.04375
0 0.9484375 0.171875 0.103125 0.05078125
0 0.94609375 0.2125 0.1078125 0.0375
0 0.9359375 0.2546875 0.128125 0.03984375
0 0.934375 0.28984375 0.13125 0.03671875
0 0.9265625 0.32421875 0.146875 0.03984375
0 0.9234375 0.35859375 0.153125 0.04140625
0 0.921875 0.3953125 0.15546875 0.05078125
0 0.92109375 0.421875 0.1578125 0.034375
0 0.234375 0.36640625 0.46875 0.08828125
0 0.53046875 0.20078125 0.14921875 0.01328125
0 0.546875 0.21328125 0.171875 0.0140625
0 0.54765625 0.221875 0.1703125 0.0125
0 0.54296875 0.23203125 0.16640625 0.01328125
0 0.5453125 0.24453125 0.171875 0.009375
0 0.5421875 0.2546875 0.16875 0.01171875
0 0.540625 0.2640625 0.1703125 0.01171875
0 0.56015625 0.28984375 0.10859375 0.021875
0 0.5578125 0.3046875 0.1046875 0.0171875
0 0.56171875 0.31328125 0.1125 0.02578125
1 0.24296875 0.3828125 0.025 0.0234375