0 0.08515625 0.91171875 0.10703125 0.1765625
0 0.98125 0.840625 0.03671875 0.31875
0 0.9515625 0.84140625 0.05078125 0.31640625
0 0.90703125 0.84296875 0.05 0.3140625
0 0.865625 0.84375 0.0625 0.3125
0 0.81953125 0.85 0.06328125 0.3
0 0.77421875 0.85546875 0.0671875 0.2890625
0 0.721875 0.85546875 0.06796875 0.2890625
0 0.67109375 0.85703125 0.0671875 0.2859375
0 0.61640625 0.8625 0.065625 0.275
0 0.56328125 0.86328125 0.065625 0.2734375
0 0.5078125 0.86640625 0.07265625 0.26640625
0 0.44765625 0.8828125 0.07265625 0.23359375
0 0.38203125 0.88203125 0.08046875 0.2359375
0 0.31328125 0.9 0.08125 0.19921875
0 0.23125 0.9015625 0.1 0.196875
0 0.1625 0.90703125 0.0875 0.1859375
0 0.98359375 0.446875 0.0328125 0.49375
0 0.9515625 0.44765625 0.04453125 0.50625
0 0.915625 0.4484375 0.06171875 0.51796875
0 0.86875 0.44765625 0.06328125 0.53515625
0 0.8234375 0.4609375 0.06328125 0.53125
0 0.78125 0.45390625 0.06484375 0.54765625
0 0.72734375 0.46015625 0.0765625 0.546875
0 0.67890625 0.45703125 0.0640625 0.55625
0 0.62109375 0.45703125 0.065625 0.58359375
0 0.5609375 0.46328125 0.06953125 0.57734375
0 0.50625 0.4609375 0.0609375 0.59609375
0 0.45078125 0.47109375 0.08046875 0.6328125
0 0.38515625 0.47734375 0.08203125 0.621875
0 0.31953125 0.4796875 0.09609375 0.69140625
0 0.2375 0.471875 0.09921875 0.72578125
0 0.15625 0.47734375 0.11171875 0.73515625
0 0.0734375 0.4796875 0.1078125 0.7546875
0 0.965625 0.11015625 0.06875 0.2203125
0 0.91953125 0.10390625 0.0796875 0.2078125
0 0.878125 0.10390625 0.071875 0.2078125
0 0.83046875 0.103125 0.06015625 0.20625
0 0.78359375 0.0921875 0.0703125 0.184375
0 0.73359375 0.09609375 0.0703125 0.1921875
0 0.68046875 0.09453125 0.07109375 0.1890625
0 0.621875 0.09609375 0.075 0.1921875
0 0.56875 0.09296875 0.06796875 0.1859375
0 0.5109375 0.0953125 0.07109375 0.18984375
0 0.4515625 0.09375 0.075 0.1875
0 0.3859375 0.0953125 0.08125 0.190625
0 0.3203125 0.0796875 0.08125 0.159375
0 0.24609375 0.06953125 0.0953125 0.1390625
0 0.1625 0.071875 0.09609375 0.14296875
0 0.08046875 0.065625 0.10234375 0.13125
1 0.50390625 0.1859375 0.02734375 0.01796875