0 0.5234375 0.934375 0.6375 0.13125
0 0.50625 0.9078125 0.65859375 0.14453125
0 0.50625 0.8609375 0.66484375 0.153125
0 0.5109375 0.80625 0.6828125 0.165625
0 0.5015625 0.7484375 0.6953125 0.1578125
0 0.434375 0.69609375 0.73671875 0.1609375
0 0.45234375 0.6296875 0.74140625 0.16953125
0 0.425 0.5671875 0.75703125 0.1703125
0 0.40078125 0.5 0.80078125 0.18359375
0 0.390625 0.425 0.78125 0.19375
0 0.403125 0.34296875 0.80625 0.2046875
0 0.421875 0.25078125 0.84375 0.2109375
0 0.38984375 0.16171875 0.7796875 0.21640625
0 0.38828125 0.10859375 0.7765625 0.1296875
0 0.9046875 0.90234375 0.18984375 0.0921875
0 0.9140625 0.853125 0.17109375 0.084375
0 0.90859375 0.80546875 0.18203125 0.08046875
0 0.9109375 0.753125 0.17734375 0.0859375
0 0.9 0.69765625 0.16796875 0.08515625
0 0.875 0.63984375 0.209375 0.08984375
0 0.878125 0.575 0.1671875 0.09375
0 0.8640625 0.5125 0.16484375 0.09296875
0 0.8453125 0.44375 0.15078125 0.0984375
0 0.828125 0.36796875 0.1640625 0.10546875
0 0.8296875 0.28671875 0.1171875 0.10703125