0 0.85703125 0.12734375 0.28515625 0.0875
0 0.859375 0.19375 0.28125 0.075
0 0.859375 0.24921875 0.28125 0.071875
0 0.8546875 0.30546875 0.290625 0.0734375
0 0.8546875 0.3625 0.290625 0.071875
0 0.859375 0.4203125 0.28125 0.07109375
0 0.85703125 0.475 0.2859375 0.06875
0 0.853125 0.52890625 0.29375 0.0671875
0 0.85625 0.5828125 0.28671875 0.071875
0 0.85234375 0.63515625 0.2953125 0.07109375
0 0.853125 0.68828125 0.29375 0.0765625
0 0.84921875 0.73828125 0.3015625 0.0765625
0 0.8484375 0.78984375 0.30234375 0.0828125
0 0.85078125 0.840625 0.2984375 0.0859375
0 0.853125 0.88828125 0.29375 0.0859375
0 0.85703125 0.94765625 0.2859375 0.07265625
0 0.859375 0.97578125 0.28125 0.0484375
0 0.45703125 0.1015625 0.5578125 0.07734375
0 0.45234375 0.1671875 0.5859375 0.0765625
0 0.45546875 0.22890625 0.5765625 0.06953125
0 0.4609375 0.29375 0.5515625 0.06484375
0 0.46015625 0.35703125 0.54921875 0.0578125
0 0.46171875 0.41328125 0.5390625 0.0578125
0 0.46015625 0.47109375 0.546875 0.065625
0 0.4625 0.5234375 0.53125 0.05625
0 0.46328125 0.5859375 0.5265625 0.07109375
0 0.46640625 0.6390625 0.52109375 0.071875
0 0.4703125 0.690625 0.51796875 0.0765625
0 0.465625 0.740625 0.51171875 0.075
0 0.46640625 0.7921875 0.50703125 0.07578125
0 0.46796875 0.8453125 0.50234375 0.0765625
0 0.4734375 0.9 0.50234375 0.08046875
0 0.4765625 0.9578125 0.515625 0.084375
0 0.51875 0.97734375 0.42421875 0.0453125
0 0.09296875 0.0765625 0.18515625 0.13515625
0 0.0953125 0.1546875 0.190625 0.11875
0 0.09921875 0.2359375 0.1984375 0.08125
0 0.1 0.3015625 0.2 0.0796875
0 0.1015625 0.3640625 0.203125 0.07734375
0 0.1046875 0.42578125 0.209375 0.0765625
0 0.11015625 0.4890625 0.21953125 0.0734375
0 0.1109375 0.5453125 0.22109375 0.07265625
0 0.1125 0.60234375 0.225 0.06640625
0 0.115625 0.66015625 0.23125 0.06484375
0 0.115625 0.71484375 0.23046875 0.0609375
0 0.1140625 0.76015625 0.228125 0.0890625
0 0.1171875 0.81484375 0.234375 0.07578125
0 0.1171875 0.86328125 0.234375 0.090625
0 0.11796875 0.9140625 0.2359375 0.08984375
0 0.1171875 0.959375 0.234375 0.08125
0 0.96171875 0.07265625 0.07578125 0.05390625
0 0.94140625 0.05703125 0.115625 0.0828125
0 0.928125 0.04921875 0.140625 0.0984375
0 0.9265625 0.04453125 0.13671875 0.08828125
0 0.9109375 0.03359375 0.10078125 0.0671875
0 0.89609375 0.0203125 0.065625 0.040625
0 0.82578125 0.04453125 0.0921875 0.08828125
0 0.82734375 0.0515625 0.0921875 0.090625
0 0.834375 0.065625 0.078125 0.06484375
0 0.8453125 0.07265625 0.06015625 0.04921875
0 0.7359375 0.04140625 0.08203125 0.08203125
1 0.7296875 0.984375 0.0140625 0.02265625
1 0.72265625 0.884375 0.01953125 0.03125
1 0.72109375 0.83671875 0.0203125 0.0296875
1 0.71953125 0.78671875 0.01875 0.028125
1 0.71796875 0.7328125 0.01875 0.0265625
1 0.72109375 0.6859375 0.0140625 0.021875
1 0.72421875 0.63515625 0.01796875 0.0234375
1 0.7234375 0.58359375 0.0171875 0.02265625
1 0.72578125 0.53203125 0.01484375 0.01796875
1 0.7265625 0.4796875 0.015625 0.01953125
1 0.72734375 0.42421875 0.01328125 0.0171875
1 0.7265625 0.36875 0.01640625 0.01875