0 0.490625 0.3875 0.88671875 0.2734375
0 0.50078125 0.50234375 0.87890625 0.30546875
0 0.50625 0.6015625 0.84375 0.32890625
0 0.48203125 0.6953125 0.78671875 0.36015625
0 0.5 0.7875 0.76875 0.3765625
0 0.48359375 0.828125 0.7203125 0.34375
0 0.2546875 0.090625 0.45859375 0.10859375
0 0.24453125 0.165625 0.44296875 0.09453125
0 0.24921875 0.246875 0.428125 0.0890625
0 0.59140625 0.096875 0.21796875 0.06640625
0 0.5796875 0.12890625 0.2265625 0.07734375
0 0.57265625 0.1796875 0.228125 0.0734375
0 0.56640625 0.225 0.2296875 0.0546875
0 0.5640625 0.26171875 0.2265625 0.0328125
0 0.84921875 0.07421875 0.0734375 0.04296875
0 0.8421875 0.1 0.08125 0.040625
0 0.8328125 0.1296875 0.0921875 0.0390625
0 0.83125 0.15859375 0.09921875 0.0375
0 0.825 0.19140625 0.08984375 0.03203125
0 0.81953125 0.21953125 0.09765625 0.03203125
0 0.81328125 0.24765625 0.09921875 0.03515625
1 0.07890625 0.33515625 0.04296875 0.0515625
1 0.09296875 0.41953125 0.0390625 0.053125
1 0.10625 0.5015625 0.034375 0.04453125
1 0.121875 0.571875 0.03515625 0.0515625
1 0.1390625 0.6375 0.034375 0.04609375
1 0.14609375 0.70390625 0.03359375 0.04765625
1 0.15703125 0.7609375 0.0328125 0.04453125