0 0.34375 0.0703125 0.6875 0.13984375
0 0.37890625 0.12265625 0.7578125 0.24453125
0 0.38671875 0.209375 0.7734375 0.2859375
0 0.40625 0.3109375 0.8125 0.28046875
0 0.4234375 0.41015625 0.846875 0.2703125
0 0.44296875 0.5140625 0.8328125 0.2609375
0 0.46171875 0.6015625 0.8140625 0.26953125
0 0.4765625 0.70703125 0.8328125 0.284375
0 0.50234375 0.78046875 0.76796875 0.26328125
0 0.5265625 0.865625 0.7828125 0.26796875
0 0.5390625 0.9125 0.79375 0.17421875
0 0.771875 0.95078125 0.384375 0.0984375
0 0.9421875 0.86484375 0.1109375 0.1234375
0 0.93125 0.775 0.1328125 0.13515625
0 0.91875 0.68984375 0.1578125 0.1328125
0 0.9203125 0.60234375 0.15625 0.1453125
0 0.915625 0.5 0.1640625 0.13515625
0 0.90703125 0.38671875 0.1859375 0.159375
0 0.8859375 0.32109375 0.225 0.153125
0 0.8625 0.22109375 0.23203125 0.17890625
0 0.84453125 0.1203125 0.240625 0.1703125
0 0.8046875 0.04609375 0.20390625 0.09140625