0 0.49609375 0.0921875 0.39375 0.1125
0 0.4828125 0.1140625 0.39140625 0.1109375
0 0.478125 0.13828125 0.390625 0.1078125
0 0.46875 0.1609375 0.38203125 0.1078125
0 0.4625 0.20546875 0.38359375 0.10625
0 0.44921875 0.2453125 0.375 0.10546875
0 0.44921875 0.26875 0.3765625 0.1015625
0 0.4484375 0.28828125 0.371875 0.103125
0 0.44296875 0.30859375 0.36875 0.10625
0 0.44140625 0.32734375 0.365625 0.103125
0 0.43125 0.34765625 0.3640625 0.103125
0 0.4296875 0.36875 0.3578125 0.09921875
0 0.4296875 0.3890625 0.35625 0.09765625
0 0.42578125 0.4078125 0.35703125 0.09765625
0 0.42578125 0.42578125 0.35703125 0.09609375
0 0.42109375 0.44765625 0.35234375 0.09609375
0 0.8359375 0.18515625 0.32734375 0.0921875
0 0.83359375 0.20390625 0.3234375 0.090625
0 0.8234375 0.221875 0.328125 0.0921875
0 0.81171875 0.259375 0.31796875 0.0890625
0 0.8015625 0.27890625 0.31484375 0.08671875
0 0.7921875 0.3125 0.309375 0.0828125
0 0.78515625 0.328125 0.30703125 0.084375
0 0.7796875 0.34453125 0.31015625 0.08203125
0 0.77421875 0.3640625 0.31171875 0.08125
0 0.76796875 0.3796875 0.3109375 0.08203125
0 0.76328125 0.39765625 0.30546875 0.078125
0 0.75703125 0.4109375 0.3078125 0.0796875
0 0.7546875 0.42890625 0.30078125 0.078125
0 0.75078125 0.44453125 0.29453125 0.075
0 0.74453125 0.4625 0.2953125 0.07265625
0 0.740625 0.47890625 0.296875 0.07578125