0 0.52421875 0.03828125 0.72421875 0.07578125
0 0.52265625 0.12421875 0.7109375 0.1015625
0 0.52421875 0.215625 0.71015625 0.1125
0 0.52109375 0.31171875 0.7078125 0.0984375
0 0.51875 0.41640625 0.7265625 0.1
0 0.52421875 0.50625 0.71328125 0.10234375
0 0.51953125 0.5921875 0.70390625 0.1109375
0 0.5125 0.6921875 0.68515625 0.10390625
0 0.51875 0.784375 0.68984375 0.13046875
0 0.51953125 0.896875 0.73828125 0.14921875
0 0.525 0.959375 0.7265625 0.08046875
0 0.91875 0.0578125 0.15625 0.115625
0 0.91875 0.115625 0.159375 0.175
0 0.91953125 0.20859375 0.15625 0.16953125
0 0.91875 0.3109375 0.1578125 0.17890625
0 0.91875 0.41484375 0.1578125 0.1859375
0 0.91328125 0.51484375 0.16875 0.19453125
0 0.91484375 0.603125 0.1703125 0.20703125
0 0.9109375 0.784375 0.17421875 0.22265625
0 0.92890625 0.90390625 0.1421875 0.1921875