0 0.7078125 0.49921875 0.33515625 0.0625
0 0.14140625 0.06875 0.2828125 0.0890625
0 0.1390625 0.1078125 0.27734375 0.07578125
0 0.13828125 0.14140625 0.2765625 0.0671875
0 0.13828125 0.17265625 0.2765625 0.06328125
0 0.13515625 0.20625 0.2703125 0.05859375
0 0.13671875 0.2390625 0.2734375 0.053125
0 0.13671875 0.26953125 0.2734375 0.0484375
0 0.13828125 0.30234375 0.2765625 0.04296875
0 0.13671875 0.3328125 0.2734375 0.0375
0 0.13359375 0.36484375 0.2671875 0.0359375
0 0.140625 0.39296875 0.28125 0.03203125
0 0.14453125 0.4234375 0.28828125 0.0328125
0 0.14296875 0.45625 0.2859375 0.03125
0 0.15 0.484375 0.3 0.03515625
0 0.15078125 0.50703125 0.30078125 0.05
0 0.15234375 0.53671875 0.3046875 0.06015625
0 0.140625 0.5890625 0.28125 0.07265625
0 0.50625 0.37734375 0.10078125 0.0109375
0 0.49296875 0.38671875 0.1109375 0.00859375
0 0.4875 0.39453125 0.10703125 0.0078125
0 0.496875 0.4015625 0.11640625 0.009375
0 0.49921875 0.40859375 0.109375 0.009375
0 0.49921875 0.4171875 0.11171875 0.0078125
0 0.49765625 0.4234375 0.11171875 0.009375
0 0.4828125 0.44609375 0.06953125 0.0109375
0 0.4828125 0.45390625 0.07109375 0.01171875
0 0.48203125 0.4625 0.0734375 0.01484375
1 0.5515625 0.378125 0.00625 0.0046875
1 0.546875 0.41640625 0.00625 0.0046875
1 0.54765625 0.4234375 0.00625 0.0046875
1 0.546875 0.43828125 0.00625 0.00546875
1 0.69296875 0.5078125 0.01640625 0.01484375
0 0.86171875 0.4234375 0.071875 0.0140625
1 0.890625 0.42421875 0.00703125 0.0046875
0 0.9234375 0.425 0.05546875 0.01328125