0 0.9609375 0.04296875 0.078125 0.08515625
0 0.96015625 0.11875 0.07890625 0.09765625
0 0.9546875 0.20703125 0.08984375 0.09921875
0 0.953125 0.29453125 0.09296875 0.09296875
0 0.9515625 0.37109375 0.09609375 0.08984375
0 0.9484375 0.446875 0.103125 0.08515625
0 0.94453125 0.5171875 0.1109375 0.075
0 0.9421875 0.5859375 0.115625 0.08359375
0 0.9359375 0.6578125 0.128125 0.08046875
0 0.93046875 0.72734375 0.1390625 0.0875
0 0.92421875 0.79140625 0.1515625 0.0859375
0 0.928125 0.8578125 0.14375 0.07578125
0 0.925 0.92265625 0.15 0.075
0 0.92578125 0.9734375 0.1484375 0.053125
0 0.51875 0.0359375 0.86796875 0.071875
0 0.51640625 0.11171875 0.87578125 0.1234375
0 0.52109375 0.2078125 0.83359375 0.1328125
0 0.52265625 0.303125 0.83125 0.10390625
0 0.5265625 0.39140625 0.80234375 0.11015625
0 0.5203125 0.47265625 0.80390625 0.1125
0 0.51953125 0.5546875 0.7796875 0.10390625
0 0.521875 0.63203125 0.7765625 0.1046875
0 0.51171875 0.70859375 0.75703125 0.1
0 0.52734375 0.78203125 0.7484375 0.096875