0 0.1390625 0.02265625 0.27734375 0.0453125
0 0.140625 0.0390625 0.28125 0.078125
0 0.1375 0.0671875 0.275 0.10234375
0 0.1375 0.10625 0.275 0.09140625
0 0.13515625 0.14609375 0.2703125 0.09140625
0 0.13671875 0.1859375 0.2734375 0.08359375
0 0.13671875 0.225 0.2734375 0.08125
0 0.13828125 0.2578125 0.2765625 0.078125
0 0.1359375 0.29765625 0.271875 0.07265625
0 0.1328125 0.33515625 0.265625 0.0609375
0 0.1359375 0.371875 0.27109375 0.0359375
0 0.140625 0.40390625 0.28125 0.03046875
0 0.14296875 0.43828125 0.2859375 0.0328125
0 0.14609375 0.478125 0.29140625 0.04921875
0 0.1453125 0.50859375 0.290625 0.0609375
0 0.14609375 0.540625 0.29140625 0.0625
0 0.1453125 0.5734375 0.290625 0.06875
0 0.140625 0.615625 0.28125 0.096875
0 0.7078125 0.5 0.33125 0.06953125
0 0.8609375 0.4078125 0.06796875 0.01875
0 0.92421875 0.40859375 0.0578125 0.01875
0 0.50234375 0.34375 0.090625 0.0125
0 0.50625 0.35390625 0.10234375 0.0125
0 0.4953125 0.36484375 0.115625 0.01328125
0 0.4890625 0.3734375 0.1078125 0.01015625
0 0.4953125 0.38203125 0.1109375 0.009375
0 0.4984375 0.39140625 0.10546875 0.01171875
0 0.49765625 0.40078125 0.10859375 0.009375
0 0.49921875 0.40859375 0.10625 0.0109375
1 0.69296875 0.51015625 0.0171875 0.021875