0 0.5765625 0.11484375 0.84609375 0.2296875
0 0.50546875 0.15078125 0.84609375 0.30078125
0 0.5 0.240625 0.81640625 0.30234375
0 0.484375 0.32734375 0.78125 0.30234375
0 0.44921875 0.4171875 0.76484375 0.26171875
0 0.409375 0.49453125 0.72265625 0.2578125
0 0.36015625 0.5609375 0.7078125 0.253125
0 0.3625 0.63203125 0.70234375 0.240625
0 0.31015625 0.684375 0.61953125 0.23828125
0 0.296875 0.765625 0.59375 0.21875
0 0.2890625 0.8125 0.578125 0.221875
0 0.28046875 0.8703125 0.5609375 0.196875
0 0.26015625 0.91328125 0.5203125 0.1703125