0 0.8125 0.9265625 0.234375 0.14609375
0 0.8421875 0.83125 0.228125 0.24453125
0 0.871875 0.70390625 0.2125 0.22421875
0 0.903125 0.56796875 0.19375 0.21796875
0 0.91796875 0.44375 0.1640625 0.2171875
0 0.93828125 0.315625 0.1234375 0.18046875
0 0.95390625 0.1875 0.0921875 0.17265625
0 0.3328125 0.8484375 0.66484375 0.30234375
0 0.3734375 0.784375 0.746875 0.428125
0 0.4109375 0.659375 0.7390625 0.44375
0 0.446875 0.5421875 0.7578125 0.40703125
0 0.4796875 0.4140625 0.7484375 0.38984375
0 0.5203125 0.28515625 0.7359375 0.390625
0 0.553125 0.17578125 0.75390625 0.3515625
0 0.6 0.12578125 0.775 0.25078125
0 0.8171875 0.05 0.365625 0.1
0 0.13203125 0.0640625 0.21328125 0.12734375
0 0.109375 0.15703125 0.21796875 0.17734375
0 0.08515625 0.275 0.1703125 0.19921875
0 0.0609375 0.39140625 0.121875 0.1828125
0 0.0453125 0.51875 0.090625 0.15859375