0 0.96953125 0.940625 0.053125 0.11875
0 0.934375 0.93984375 0.065625 0.11953125
0 0.87734375 0.94453125 0.06796875 0.11015625
0 0.80859375 0.9484375 0.08828125 0.103125
0 0.71953125 0.95078125 0.0921875 0.0984375
0 0.646875 0.95234375 0.08984375 0.0953125
0 0.56640625 0.959375 0.103125 0.08125
0 0.478125 0.9609375 0.1015625 0.078125
0 0.38984375 0.95703125 0.109375 0.0859375
0 0.30234375 0.9546875 0.109375 0.08984375
0 0.20390625 0.9546875 0.11796875 0.08984375
0 0.94609375 0.60703125 0.10390625 0.60859375
0 0.9 0.6 0.12578125 0.628125
0 0.83125 0.60546875 0.140625 0.628125
0 0.74140625 0.60078125 0.14296875 0.65078125
0 0.6625 0.6046875 0.1484375 0.6890625
0 0.59375 0.60625 0.1328125 0.6984375
0 0.5046875 0.59609375 0.1296875 0.728125
0 0.40546875 0.5765625 0.134375 0.74140625
0 0.30390625 0.56640625 0.1234375 0.7390625
0 0.1984375 0.56953125 0.13203125 0.75859375
0 0.09296875 0.58359375 0.1390625 0.809375
0 0.034375 0.58515625 0.06875 0.82890625
0 0.97109375 0.1625 0.0578125 0.325
0 0.91171875 0.14453125 0.10234375 0.2890625
0 0.83203125 0.1515625 0.1015625 0.303125
0 0.8359375 0.15078125 0.1046875 0.30078125
0 0.75546875 0.14453125 0.1046875 0.28828125
0 0.69375 0.14453125 0.10859375 0.28828125
0 0.61015625 0.134375 0.1125 0.26796875
0 0.515625 0.1296875 0.1171875 0.259375
0 0.415625 0.1171875 0.125 0.23359375
0 0.3109375 0.10859375 0.128125 0.2171875
0 0.2046875 0.10859375 0.13046875 0.2171875
0 0.09765625 0.1015625 0.1296875 0.20234375
0 0.0296875 0.1 0.05859375 0.19921875