0 0.08359375 0.06953125 0.1671875 0.07109375
0 0.0921875 0.128125 0.184375 0.05546875
0 0.09765625 0.18359375 0.19453125 0.0671875
0 0.10625 0.24296875 0.2125 0.06640625
0 0.10703125 0.30234375 0.21328125 0.06015625
0 0.109375 0.35859375 0.21875 0.0625
0 0.1078125 0.41796875 0.215625 0.059375
0 0.10859375 0.47109375 0.2171875 0.059375
0 0.1125 0.52578125 0.22421875 0.05859375
0 0.1125 0.57421875 0.22421875 0.05859375
0 0.115625 0.62421875 0.23125 0.0515625
0 0.12578125 0.67734375 0.25078125 0.0484375
0 0.12734375 0.7265625 0.2546875 0.0484375
0 0.12890625 0.775 0.2578125 0.05625
0 0.1296875 0.82578125 0.259375 0.05
0 0.1296875 0.8765625 0.259375 0.053125
0 0.13125 0.92734375 0.26171875 0.05703125
0 0.12890625 0.97578125 0.2578125 0.0484375
0 0.4765625 0.07578125 0.65234375 0.109375
0 0.47265625 0.1625 0.62890625 0.11875
0 0.4796875 0.23984375 0.5765625 0.08359375
0 0.4828125 0.30546875 0.5703125 0.06640625
0 0.48515625 0.36640625 0.56171875 0.06015625
0 0.478125 0.425 0.54921875 0.06484375
0 0.47734375 0.48046875 0.55625 0.06015625
0 0.48046875 0.5375 0.53984375 0.06484375
0 0.48203125 0.59375 0.540625 0.0640625
0 0.48125 0.64375 0.534375 0.05625
0 0.49296875 0.690625 0.515625 0.05546875
0 0.49375 0.73984375 0.5109375 0.0609375
0 0.4921875 0.78828125 0.5140625 0.06484375
0 0.49375 0.8421875 0.503125 0.065625
0 0.49296875 0.8953125 0.50625 0.06875
0 0.49453125 0.93828125 0.5 0.065625
0 0.48671875 0.975 0.4953125 0.05
0 0.88046875 0.10703125 0.2375 0.09765625
0 0.88515625 0.1890625 0.22890625 0.071875
0 0.8734375 0.24453125 0.25234375 0.071875
0 0.87421875 0.30703125 0.25078125 0.0578125
0 0.86875 0.36484375 0.26171875 0.06796875
0 0.8671875 0.4234375 0.265625 0.07421875
0 0.8671875 0.48359375 0.26484375 0.0640625
0 0.86640625 0.54296875 0.26640625 0.0671875
0 0.8640625 0.59921875 0.27109375 0.06328125
0 0.8671875 0.65390625 0.26484375 0.05078125
0 0.8640625 0.7078125 0.27109375 0.0609375
0 0.86171875 0.7609375 0.275 0.05703125
0 0.8625 0.81640625 0.275 0.05546875
0 0.86171875 0.85390625 0.2765625 0.0796875
0 0.86171875 0.9046875 0.2765625 0.06484375
0 0.85859375 0.959375 0.2828125 0.046875
0 0.85703125 0.98046875 0.28515625 0.0390625