0 0.76953125 0.97890625 0.23984375 0.0421875
0 0.653125 0.9375 0.42421875 0.125
0 0.52265625 0.90859375 0.63125 0.1828125
0 0.4328125 0.88125 0.775 0.2375
0 0.4015625 0.85859375 0.75625 0.2828125
0 0.3984375 0.8125 0.796875 0.32421875
0 0.384375 0.7359375 0.76875 0.32578125
0 0.37890625 0.66171875 0.7578125 0.33515625
0 0.35703125 0.5828125 0.71328125 0.3375
0 0.33828125 0.49921875 0.6765625 0.3390625
0 0.325 0.4125 0.64921875 0.33984375
0 0.29765625 0.31328125 0.59453125 0.340625
0 0.29375 0.203125 0.5875 0.36015625
0 0.27890625 0.13203125 0.5578125 0.2640625
0 0.925 0.95 0.146875 0.1
0 0.90390625 0.8984375 0.19140625 0.13515625
0 0.8984375 0.84453125 0.20234375 0.12109375
0 0.88125 0.7859375 0.2375 0.14296875
0 0.878125 0.71875 0.24296875 0.14296875
0 0.8734375 0.6484375 0.2515625 0.15390625
0 0.8609375 0.57109375 0.27734375 0.146875
0 0.84375 0.49609375 0.3125 0.18515625
0 0.8078125 0.428125 0.2921875 0.16640625
0 0.75859375 0.3421875 0.28515625 0.1796875
0 0.7140625 0.2578125 0.2875 0.18671875
0 0.675 0.17265625 0.27421875 0.19765625
0 0.64140625 0.08125 0.26328125 0.16171875
1 0.92109375 0.959375 0.07421875 0.05078125
1 0.88125 0.85703125 0.08125 0.05546875
1 0.88125 0.78984375 0.08125 0.05234375
1 0.865625 0.72578125 0.08515625 0.059375
1 0.80390625 0.5109375 0.0796875 0.06015625
1 0.79609375 0.428125 0.08515625 0.0609375
1 0.728125 0.35625 0.08359375 0.0609375
1 0.72421875 0.259375 0.08671875 0.0640625
1 0.70703125 0.153125 0.08359375 0.065625
1 0.690625 0.05078125 0.08515625 0.07265625