0 0.5671875 0.96796875 0.67734375 0.0640625
0 0.571875 0.92890625 0.69375 0.0671875
0 0.56640625 0.87109375 0.73515625 0.08359375
0 0.5828125 0.8234375 0.7296875 0.08046875
0 0.58046875 0.7578125 0.73828125 0.08828125
0 0.578125 0.70859375 0.7234375 0.059375
0 0.58671875 0.65390625 0.80703125 0.08515625
0 0.5765625 0.58203125 0.8046875 0.08828125
0 0.57734375 0.5203125 0.825 0.09765625
0 0.58046875 0.44453125 0.83828125 0.0953125
0 0.57890625 0.37109375 0.8421875 0.10625
0 0.57734375 0.296875 0.8453125 0.10546875
0 0.57734375 0.21015625 0.8453125 0.115625
0 0.5625 0.1265625 0.875 0.13046875
0 0.5578125 0.05625 0.884375 0.1125
1 0.9703125 0.20703125 0.059375 0.0421875
1 0.95390625 0.4421875 0.0640625 0.03828125
1 0.915625 0.521875 0.08359375 0.02421875
1 0.91640625 0.57578125 0.059375 0.03125
1 0.8875 0.81875 0.0578125 0.0296875
1 0.875 0.88203125 0.0578125 0.02734375
1 0.8703125 0.928125 0.053125 0.0265625
1 0.16171875 0.9609375 0.04921875 0.02421875
1 0.1765625 0.81328125 0.0578125 0.02734375
1 0.15390625 0.759375 0.05234375 0.02734375
1 0.14296875 0.70234375 0.053125 0.03046875
1 0.2484375 0.653125 0.05625 0.03125
1 0.11171875 0.515625 0.0609375 0.0328125
1 0.0859375 0.45078125 0.05859375 0.0359375
1 0.109375 0.37890625 0.06171875 0.0359375
1 0.0828125 0.3046875 0.06328125 0.03828125
1 0.05390625 0.22421875 0.0609375 0.0390625
1 0.0328125 0.1484375 0.06484375 0.0390625
1 0.04140625 0.06328125 0.065625 0.040625
1 0.1859375 0.9109375 0.05234375 0.0296875
0 0.128125 0.984375 0.25625 0.03125
0 0.1109375 0.959375 0.221875 0.06171875
0 0.12109375 0.9171875 0.2421875 0.06875
0 0.11640625 0.86484375 0.2328125 0.0640625
0 0.1203125 0.81796875 0.240625 0.08046875
0 0.11171875 0.75703125 0.22265625 0.07421875
0 0.1078125 0.70546875 0.215625 0.07109375
0 0.1 0.63984375 0.2 0.0828125
0 0.09375 0.58671875 0.18671875 0.0828125
0 0.09140625 0.51640625 0.1828125 0.0828125
0 0.0859375 0.453125 0.171875 0.08671875
0 0.09375 0.38203125 0.18671875 0.08671875
0 0.09453125 0.30859375 0.1890625 0.0921875
0 0.0921875 0.23203125 0.184375 0.09453125
0 0.0796875 0.15078125 0.159375 0.0984375
0 0.07890625 0.06640625 0.1578125 0.10234375