0 0.6640625 0.0328125 0.2296875 0.065625
0 0.684375 0.07109375 0.2859375 0.10859375
0 0.728125 0.1234375 0.328125 0.13828125
0 0.7359375 0.19609375 0.29921875 0.12421875
0 0.76171875 0.26171875 0.3015625 0.128125
0 0.7765625 0.32421875 0.28203125 0.128125
0 0.80234375 0.38984375 0.28984375 0.11796875
0 0.81484375 0.44921875 0.30703125 0.12578125
0 0.846875 0.49140625 0.30625 0.15
0 0.85859375 0.55703125 0.2828125 0.128125
0 0.86328125 0.6046875 0.27265625 0.13203125
0 0.878125 0.66953125 0.24375 0.1390625
0 0.8859375 0.71015625 0.22734375 0.1359375
0 0.89375 0.7578125 0.21171875 0.1328125
0 0.90625 0.80859375 0.18671875 0.1203125
0 0.91796875 0.85625 0.1640625 0.11015625
0 0.19609375 0.04453125 0.39140625 0.0890625
0 0.28984375 0.08515625 0.5796875 0.1703125
0 0.29765625 0.1421875 0.59453125 0.2296875
0 0.30703125 0.21796875 0.60859375 0.225
0 0.33671875 0.28671875 0.5921875 0.22421875
0 0.365625 0.34765625 0.5890625 0.2328125
0 0.3953125 0.4171875 0.5875 0.21796875
0 0.4125 0.48046875 0.5671875 0.2203125
0 0.43515625 0.53828125 0.5703125 0.22421875
0 0.46015625 0.59609375 0.5703125 0.2125
0 0.4875 0.653125 0.55546875 0.209375
0 0.51953125 0.7125 0.5734375 0.2046875
0 0.5375 0.771875 0.55390625 0.209375
0 0.559375 0.82265625 0.54296875 0.2046875
0 0.5796875 0.8734375 0.534375 0.19765625
0 0.609375 0.915625 0.5421875 0.16875
0 0.034375 0.29296875 0.06875 0.0859375
0 0.0484375 0.35625 0.096875 0.09453125
0 0.0640625 0.41875 0.128125 0.11015625
0 0.0765625 0.48515625 0.153125 0.1046875
0 0.090625 0.54296875 0.18125 0.1171875
0 0.09765625 0.60234375 0.1953125 0.13125
0 0.1125 0.65859375 0.225 0.140625
0 0.12578125 0.7171875 0.24609375 0.14609375
0 0.1421875 0.7828125 0.27265625 0.1546875
0 0.1671875 0.84296875 0.2765625 0.15390625
0 0.18984375 0.88984375 0.2828125 0.1515625
0 0.21484375 0.93203125 0.27578125 0.1359375
0 0.240625 0.95390625 0.29453125 0.0921875
1 0.596875 0.16796875 0.03125 0.034375
1 0.68203125 0.40625 0.03203125 0.03046875
1 0.640625 0.28671875 0.0359375 0.03671875
1 0.61484375 0.22265625 0.02578125 0.03359375