0 0.140625 0.453125 0.28125 0.90625
0 0.22421875 0.45390625 0.31171875 0.9078125
0 0.31875 0.44609375 0.29765625 0.8921875
0 0.4015625 0.45859375 0.30625 0.9171875
0 0.471875 0.46953125 0.29296875 0.93828125
0 0.5390625 0.48828125 0.29140625 0.965625
0 0.6 0.51796875 0.28359375 0.92578125
0 0.659375 0.5296875 0.271875 0.90078125
0 0.725 0.54140625 0.284375 0.8859375
0 0.7765625 0.57265625 0.24140625 0.8109375
0 0.8171875 0.59375 0.2578125 0.80390625
0 0.875 0.59921875 0.24609375 0.8015625
0 0.89765625 0.6140625 0.2015625 0.771875
0 0.91953125 0.72265625 0.1609375 0.5546875
0 0.95234375 0.81953125 0.0953125 0.3609375
1 0.0328125 0.965625 0.053125 0.06875
1 0.11484375 0.9875 0.04453125 0.02421875
1 0.19375 0.98671875 0.04375 0.0265625
1 0.35234375 0.978125 0.0390625 0.04296875
1 0.27734375 0.9828125 0.0390625 0.034375
1 0.64296875 0.915625 0.0375 0.06484375
1 0.95859375 0.26953125 0.0390625 0.07421875
1 0.7453125 0.15859375 0.0390625 0.07578125
1 0.69375 0.14453125 0.03828125 0.09921875
1 0.63125 0.0765625 0.04453125 0.07890625