0 0.97265625 0.63984375 0.05390625 0.7203125
0 0.90546875 0.63125 0.13359375 0.73671875
0 0.8046875 0.6140625 0.13359375 0.77109375
0 0.690625 0.5921875 0.14609375 0.81484375
0 0.571875 0.571875 0.165625 0.85625
0 0.434375 0.55234375 0.18828125 0.8953125
0 0.2875 0.52578125 0.19765625 0.94765625
0 0.1359375 0.50390625 0.22578125 0.99140625
0 0.040625 0.5 0.08125 1
0 0.9296875 0.18984375 0.12890625 0.25703125
0 0.825 0.1609375 0.1296875 0.24609375
0 0.71015625 0.12734375 0.13359375 0.22734375
0 0.59140625 0.1046875 0.1421875 0.209375
0 0.4578125 0.09296875 0.153125 0.18515625
1 0.90234375 0.27421875 0.05546875 0.046875