0 0.91015625 0.03203125 0.1796875 0.0640625
0 0.921875 0.08203125 0.15625 0.109375
0 0.92265625 0.165625 0.1546875 0.103125
0 0.91796875 0.25 0.16328125 0.10625
0 0.91328125 0.32890625 0.1734375 0.1
0 0.91640625 0.40625 0.1671875 0.090625
0 0.9234375 0.47890625 0.153125 0.0875
0 0.92890625 0.55 0.14140625 0.0828125
0 0.92890625 0.61953125 0.14140625 0.08125
0 0.92421875 0.684375 0.1515625 0.078125
0 0.90859375 0.734375 0.1828125 0.0859375
0 0.9140625 0.7921875 0.171875 0.0890625
0 0.90234375 0.84609375 0.1953125 0.07265625
0 0.9046875 0.88984375 0.18984375 0.084375
0 0.91171875 0.9421875 0.1765625 0.065625
0 0.9046875 0.97890625 0.18984375 0.0421875
0 0.46875 0.0296875 0.778125 0.059375
0 0.47109375 0.0828125 0.81171875 0.11953125
0 0.47890625 0.16484375 0.7921875 0.1171875
0 0.4875 0.25078125 0.77890625 0.1125
0 0.48203125 0.334375 0.75078125 0.09296875
0 0.4875 0.409375 0.74375 0.10703125
0 0.49609375 0.490625 0.7484375 0.109375
0 0.51796875 0.565625 0.73828125 0.10625
0 0.53125 0.6328125 0.7078125 0.1046875
0 0.53046875 0.70078125 0.6875 0.1015625
0 0.5265625 0.74140625 0.63515625 0.103125
0 0.53203125 0.8015625 0.634375 0.109375
0 0.5296875 0.86328125 0.60703125 0.0984375
0 0.53984375 0.91484375 0.6125 0.1046875
0 0.53984375 0.95234375 0.60078125 0.0953125
0 0.5859375 0.97421875 0.49375 0.0515625
0 0.0578125 0.0625 0.115625 0.090625
0 0.06484375 0.15390625 0.1296875 0.1265625
0 0.06953125 0.24296875 0.1390625 0.125
0 0.07734375 0.3390625 0.15390625 0.096875
0 0.071875 0.41796875 0.14296875 0.09296875
0 0.08515625 0.49296875 0.1703125 0.08828125
0 0.10078125 0.565625 0.2015625 0.0875
0 0.10234375 0.6296875 0.20390625 0.0765625
0 0.10625 0.68828125 0.2125 0.0890625
0 0.1140625 0.75703125 0.228125 0.084375
0 0.11796875 0.8203125 0.23515625 0.0875
0 0.128125 0.88203125 0.25625 0.0890625
0 0.12734375 0.92890625 0.2546875 0.0859375
0 0.13046875 0.96953125 0.26015625 0.0609375
1 0.8734375 0.246875 0.04609375 0.04296875
1 0.8703125 0.1671875 0.02734375 0.0421875