0 0.86796875 0.04609375 0.2640625 0.0921875
0 0.85390625 0.090625 0.2921875 0.1171875
0 0.840625 0.14765625 0.309375 0.11171875
0 0.8296875 0.20703125 0.31015625 0.11796875
0 0.81640625 0.26328125 0.30625 0.109375
0 0.80703125 0.31875 0.30546875 0.11171875
0 0.79765625 0.378125 0.29765625 0.109375
0 0.78203125 0.4359375 0.29609375 0.11640625
0 0.77265625 0.49296875 0.3 0.11796875
0 0.7609375 0.5546875 0.2875 0.11640625
0 0.74375 0.6140625 0.29296875 0.11640625
0 0.7375 0.6765625 0.28125 0.1125
0 0.7234375 0.740625 0.2828125 0.11796875
0 0.71015625 0.8015625 0.2890625 0.1234375
0 0.7 0.8625 0.28046875 0.11328125
0 0.6828125 0.9234375 0.27421875 0.12734375
0 0.634375 0.0296875 0.24375 0.059375
0 0.49453125 0.06328125 0.48203125 0.12578125
0 0.47734375 0.10234375 0.48359375 0.15625
0 0.4484375 0.2171875 0.48984375 0.153125
0 0.4390625 0.27421875 0.490625 0.15390625
0 0.4265625 0.33203125 0.49765625 0.15703125
0 0.4125 0.38984375 0.5046875 0.1546875
0 0.38046875 0.509375 0.521875 0.15546875
0 0.365625 0.5703125 0.52890625 0.15
0 0.34765625 0.634375 0.534375 0.15
0 0.334375 0.7015625 0.5484375 0.15078125
0 0.31953125 0.771875 0.55546875 0.153125
0 0.30390625 0.8375 0.56171875 0.1546875
0 0.29140625 0.89921875 0.56015625 0.1484375
0 0.15703125 0.0265625 0.2515625 0.053125
0 0.14609375 0.05234375 0.2484375 0.1046875
0 0.12578125 0.09609375 0.24921875 0.11953125
0 0.11796875 0.15 0.2359375 0.125
0 0.1109375 0.21171875 0.221875 0.11328125
0 0.1046875 0.26796875 0.209375 0.11875
0 0.09609375 0.32890625 0.1921875 0.1078125
0 0.08828125 0.39296875 0.1765625 0.10546875
0 0.07734375 0.4578125 0.1546875 0.10625
0 0.06875 0.5203125 0.1375 0.09375
0 0.0578125 0.59140625 0.115625 0.0953125
0 0.04765625 0.659375 0.0953125 0.09453125
0 0.0390625 0.72734375 0.078125 0.0859375
0 0.028125 0.8015625 0.05625 0.103125
0 0.0234375 0.86171875 0.046875 0.09375
1 0.73046875 0.090625 0.02109375 0.03125
1 0.70390625 0.196875 0.0203125 0.0265625
1 0.690625 0.2546875 0.01796875 0.02421875
1 0.68125 0.30625 0.01328125 0.01875
1 0.67109375 0.36328125 0.0171875 0.01875
1 0.659375 0.41875 0.01640625 0.01796875
1 0.64921875 0.475 0.01484375 0.0171875
1 0.6375 0.53203125 0.015625 0.0171875
1 0.62421875 0.59296875 0.0109375 0.0171875
1 0.609375 0.653125 0.0109375 0.015625
0 0.76796875 0.98828125 0.06796875 0.0234375
0 0.72578125 0.98515625 0.06640625 0.0296875
0 0.6890625 0.98203125 0.0703125 0.03515625
0 0.65078125 0.98046875 0.05234375 0.0390625
0 0.6328125 0.9796875 0.0484375 0.03984375
0 0.61484375 0.978125 0.0484375 0.04375