0 0.49765625 0.0765625 0.7921875 0.15234375
0 0.484375 0.16328125 0.79375 0.26328125
0 0.471875 0.2953125 0.7875 0.2703125
0 0.44375 0.43515625 0.75 0.25625
0 0.425 0.559375 0.75625 0.26328125
0 0.40625 0.69140625 0.74140625 0.25234375
0 0.3875 0.7984375 0.709375 0.25234375
0 0.37421875 0.896875 0.6671875 0.20625
0 0.28359375 0.959375 0.5046875 0.08125
0 0.0546875 0.046875 0.109375 0.09375
0 0.0578125 0.12578125 0.115625 0.140625
0 0.053125 0.24765625 0.10625 0.1671875
0 0.05390625 0.3828125 0.1078125 0.159375
0 0.0453125 0.5140625 0.090625 0.15703125
1 0.884375 0.2078125 0.0578125 0.09140625
1 0.86171875 0.353125 0.05703125 0.08046875