0 0.89453125 0.02421875 0.2109375 0.04765625
0 0.89609375 0.065625 0.2078125 0.109375
0 0.90859375 0.153125 0.1828125 0.09921875
0 0.90703125 0.2296875 0.184375 0.096875
0 0.896875 0.309375 0.2046875 0.08671875
0 0.8984375 0.3796875 0.203125 0.08125
0 0.9015625 0.44765625 0.19609375 0.08046875
0 0.89375 0.5140625 0.2109375 0.08046875
0 0.8875 0.5796875 0.22421875 0.0765625
0 0.89375 0.64296875 0.2125 0.075
0 0.89140625 0.703125 0.2171875 0.07578125
0 0.8921875 0.76484375 0.21484375 0.07734375
0 0.88671875 0.825 0.22578125 0.08203125
0 0.89453125 0.88203125 0.2109375 0.0734375
0 0.89140625 0.94140625 0.2171875 0.08046875
0 0.89453125 0.97578125 0.2078125 0.0484375
0 0.45390625 0.0203125 0.6921875 0.040625
0 0.471875 0.06640625 0.7359375 0.0984375
0 0.47890625 0.14453125 0.74140625 0.10078125
0 0.47421875 0.2265625 0.71484375 0.10078125
0 0.4828125 0.309375 0.70078125 0.0953125
0 0.47890625 0.38203125 0.68203125 0.08984375
0 0.48671875 0.4515625 0.6625 0.09921875
0 0.48515625 0.5234375 0.6640625 0.09921875
0 0.4859375 0.590625 0.65390625 0.09609375
0 0.48359375 0.6546875 0.64453125 0.10546875
0 0.48671875 0.7203125 0.63046875 0.109375
0 0.484375 0.7828125 0.62578125 0.1015625
0 0.48515625 0.8484375 0.60859375 0.1203125
0 0.49375 0.95 0.61171875 0.1
0 0.5953125 0.9796875 0.4109375 0.040625
0 0.4921875 0.903125 0.61484375 0.12578125
0 0.0640625 0.03359375 0.128125 0.0671875
0 0.06484375 0.09140625 0.12890625 0.0875
0 0.06484375 0.16875 0.1296875 0.0859375
0 0.0671875 0.16953125 0.13359375 0.0890625
0 0.071875 0.24453125 0.14296875 0.0859375
0 0.0828125 0.3203125 0.165625 0.084375
0 0.08359375 0.390625 0.1671875 0.084375
0 0.084375 0.4640625 0.16796875 0.08203125
0 0.08671875 0.53359375 0.17265625 0.08828125
0 0.09296875 0.60234375 0.1859375 0.084375
0 0.08984375 0.66953125 0.1796875 0.08359375
0 0.0921875 0.73671875 0.18359375 0.0859375
0 0.09375 0.80078125 0.1875 0.0859375
0 0.09765625 0.86796875 0.19453125 0.0921875
0 0.09765625 0.9328125 0.1953125 0.084375
0 0.10546875 0.97578125 0.2109375 0.0484375