0 0.58984375 0.953125 0.8203125 0.09296875
0 0.58671875 0.8875 0.82578125 0.15
0 0.5953125 0.7890625 0.759375 0.14140625
0 0.5953125 0.70625 0.7515625 0.13515625
0 0.61484375 0.62578125 0.7390625 0.1453125
0 0.63125 0.54375 0.7265625 0.1421875
0 0.6453125 0.4671875 0.709375 0.13125
0 0.653125 0.41015625 0.69375 0.1359375
0 0.653125 0.34140625 0.659375 0.1234375
0 0.66484375 0.271875 0.62890625 0.1265625
0 0.66328125 0.2109375 0.63125 0.12421875
0 0.67109375 0.16171875 0.59765625 0.103125
0 0.675 0.11171875 0.5828125 0.1125
0 0.67578125 0.05546875 0.5796875 0.1109375
0 0.70546875 0.02890625 0.5109375 0.05703125
0 0.10546875 0.946875 0.2109375 0.10625
0 0.10703125 0.8578125 0.2140625 0.11328125
0 0.12890625 0.7703125 0.2578125 0.11875
0 0.12734375 0.68203125 0.2546875 0.1140625
0 0.1453125 0.59765625 0.25625 0.1203125
0 0.15859375 0.5125 0.2859375 0.11015625
0 0.17578125 0.4359375 0.3046875 0.10078125
0 0.17734375 0.3703125 0.33359375 0.10390625
0 0.1890625 0.30625 0.3125 0.096875
0 0.2015625 0.24453125 0.33359375 0.109375
0 0.21015625 0.18203125 0.33046875 0.1125
0 0.21953125 0.11640625 0.34921875 0.1125
0 0.22578125 0.06640625 0.34765625 0.1109375
0 0.2328125 0.040625 0.35 0.08125