0 0.44375 0.96015625 0.3453125 0.0796875
0 0.4359375 0.9296875 0.33671875 0.08515625
0 0.43125 0.9015625 0.33984375 0.0875
0 0.42890625 0.871875 0.334375 0.084375
0 0.425 0.84765625 0.33359375 0.08984375
0 0.42109375 0.81640625 0.33359375 0.08828125
0 0.41953125 0.79140625 0.33046875 0.0828125
0 0.41328125 0.76328125 0.325 0.08671875
0 0.4125 0.73828125 0.3265625 0.0875
0 0.40546875 0.7078125 0.31640625 0.08671875
0 0.4046875 0.68203125 0.31796875 0.08984375
0 0.4015625 0.65859375 0.315625 0.08203125
0 0.4015625 0.65703125 0.31875 0.09609375
0 0.4015625 0.63046875 0.31171875 0.08203125
0 0.39921875 0.60625 0.31328125 0.0765625
0 0.4 0.58359375 0.31640625 0.08046875
0 0.8375 0.9734375 0.17890625 0.053125
0 0.83125 0.96015625 0.175 0.06640625
0 0.82734375 0.93203125 0.1734375 0.06875
0 0.81953125 0.9109375 0.1796875 0.07421875
0 0.80703125 0.8828125 0.18125 0.06484375
0 0.8046875 0.8546875 0.18125 0.06015625
0 0.80078125 0.8296875 0.1828125 0.05625
0 0.79140625 0.80703125 0.18203125 0.05546875
0 0.7859375 0.78125 0.17890625 0.04921875
0 0.77890625 0.7515625 0.1796875 0.0515625
0 0.77578125 0.73046875 0.17734375 0.0484375
0 0.77265625 0.70546875 0.175 0.04375
0 0.76640625 0.68046875 0.17421875 0.0375
0 0.76171875 0.65859375 0.1703125 0.03984375
0 0.75703125 0.63671875 0.1703125 0.03828125
0 0.75078125 0.61484375 0.178125 0.0359375
0 0.7453125 0.59140625 0.1703125 0.034375
0 0.7421875 0.565625 0.16875 0.0359375
0 0.92109375 0.56796875 0.140625 0.0265625
0 0.9296875 0.58984375 0.1359375 0.02265625
0 0.9328125 0.609375 0.13125 0.02890625
0 0.93359375 0.6265625 0.1328125 0.03046875
0 0.93671875 0.6484375 0.1265625 0.025
0 0.940625 0.66796875 0.11875 0.02265625
0 0.9421875 0.690625 0.115625 0.0296875
0 0.9453125 0.71015625 0.109375 0.0328125
0 0.95234375 0.7328125 0.0953125 0.03125
0 0.95546875 0.75546875 0.08828125 0.03828125
0 0.959375 0.7796875 0.08125 0.0375
0 0.96484375 0.8015625 0.0703125 0.0375
0 0.9671875 0.825 0.065625 0.03984375
0 0.971875 0.85 0.05625 0.04296875
0 0.97421875 0.8765625 0.0515625 0.05390625