0 0.44296875 0.1109375 0.8859375 0.221875
0 0.459375 0.19296875 0.91875 0.246875
0 0.47734375 0.28828125 0.9546875 0.265625
0 0.47265625 0.37890625 0.9453125 0.24609375
0 0.4984375 0.46953125 0.9390625 0.2546875
0 0.53046875 0.56015625 0.93828125 0.25546875
0 0.5625 0.640625 0.875 0.25625
0 0.5890625 0.7234375 0.82109375 0.24609375
0 0.5984375 0.796875 0.803125 0.24609375
0 0.62734375 0.8546875 0.7453125 0.215625
0 0.63828125 0.89921875 0.7203125 0.2015625
0 0.72890625 0.93671875 0.540625 0.12578125
0 0.87421875 0.96953125 0.25 0.0609375
0 0.1578125 0.95859375 0.315625 0.0796875
0 0.14375 0.9359375 0.2875 0.128125
0 0.1203125 0.8671875 0.240625 0.153125
0 0.109375 0.7890625 0.21796875 0.13359375
0 0.08359375 0.721875 0.1671875 0.1328125
0 0.05703125 0.62890625 0.11328125 0.1421875
0 0.0421875 0.54140625 0.084375 0.1359375
1 0.93515625 0.2078125 0.05625 0.0625
1 0.9078125 0.1171875 0.04296875 0.06328125