0 0.69453125 0.28046875 0.4421875 0.046875
0 0.71484375 0.3171875 0.4515625 0.05078125
0 0.71875 0.35703125 0.4515625 0.040625
0 0.71875 0.396875 0.4640625 0.0421875
0 0.72109375 0.4359375 0.465625 0.03515625
0 0.7234375 0.47578125 0.465625 0.040625
0 0.73046875 0.515625 0.465625 0.0390625
0 0.73671875 0.55703125 0.47109375 0.040625
0 0.7375 0.59921875 0.47578125 0.04140625
0 0.7421875 0.63984375 0.48125 0.04296875
0 0.73828125 0.684375 0.48671875 0.04140625
0 0.7421875 0.73203125 0.48203125 0.04296875
0 0.74609375 0.778125 0.4890625 0.04453125
0 0.7453125 0.8234375 0.49296875 0.0515625
0 0.74921875 0.87109375 0.49296875 0.059375
0 0.75546875 0.925 0.4890625 0.06875
0 0.146875 0.4921875 0.08125 0.0125
0 0.14765625 0.50078125 0.08359375 0.0109375
0 0.146875 0.509375 0.08203125 0.01015625
0 0.14921875 0.52109375 0.0875 0.0140625
0 0.02890625 0.49453125 0.0578125 0.0171875
0 0.02890625 0.5046875 0.05703125 0.01328125
0 0.02890625 0.5125 0.0578125 0.01328125
0 0.0296875 0.51953125 0.0578125 0.0125
0 0.02890625 0.52734375 0.0578125 0.0125
0 0.028125 0.53515625 0.05625 0.0109375
0 0.0296875 0.54296875 0.05859375 0.01015625
0 0.03046875 0.54921875 0.06015625 0.00859375
0 0.028125 0.56015625 0.05546875 0.01328125
0 0.08671875 0.515625 0.0484375 0.0078125
0 0.08984375 0.521875 0.0609375 0.00546875
0 0.090625 0.528125 0.06171875 0.00859375
0 0.0890625 0.53359375 0.06328125 0.0078125
0 0.08828125 0.540625 0.0625 0.00703125
0 0.0875 0.546875 0.06328125 0.00625
0 0.08828125 0.553125 0.0640625 0.00703125
0 0.0984375 0.5609375 0.090625 0.01171875
0 0.175 0.5296875 0.03515625 0.009375
0 0.17265625 0.55625 0.03671875 0.0078125
0 0.17421875 0.5515625 0.0328125 0.0046875
0 0.17421875 0.546875 0.034375 0.0046875
0 0.17421875 0.5421875 0.03359375 0.0046875
0 0.175 0.53671875 0.034375 0.00546875