0 0.7484375 0.13203125 0.49453125 0.09765625
0 0.72734375 0.18828125 0.4921875 0.08671875
0 0.7296875 0.2375 0.49140625 0.084375
0 0.7296875 0.28515625 0.4703125 0.08828125
0 0.7171875 0.33984375 0.48046875 0.07109375
0 0.72109375 0.3890625 0.4640625 0.065625
0 0.71015625 0.4359375 0.47578125 0.07109375
0 0.70625 0.48125 0.478125 0.0640625
0 0.6984375 0.52734375 0.47421875 0.07109375
0 0.6921875 0.57109375 0.46875 0.06328125
0 0.68046875 0.61640625 0.4671875 0.0625
0 0.67734375 0.65625 0.4578125 0.05625
0 0.6734375 0.6984375 0.4515625 0.05546875
0 0.66640625 0.7375 0.440625 0.05625
0 0.66484375 0.77890625 0.440625 0.0515625
0 0.64765625 0.82265625 0.41953125 0.0546875
0 0.015625 0.496875 0.03125 0.01328125
0 0.01796875 0.50703125 0.0359375 0.0078125
0 0.01875 0.515625 0.0375 0.0125
0 0.015625 0.52421875 0.03125 0.00859375
0 0.015625 0.5328125 0.03125 0.01015625
0 0.015625 0.540625 0.03046875 0.0109375
0 0.01484375 0.54921875 0.0296875 0.0109375
0 0.015625 0.5578125 0.03046875 0.0125
0 0.01484375 0.5671875 0.0296875 0.01640625
0 0.12109375 0.54453125 0.08671875 0.01796875
0 0.12109375 0.55625 0.084375 0.0109375
0 0.121875 0.565625 0.08359375 0.009375
0 0.11953125 0.5734375 0.08515625 0.01328125
0 0.07578125 0.49921875 0.084375 0.01171875
0 0.07578125 0.5078125 0.0859375 0.00859375
0 0.07578125 0.5140625 0.0859375 0.00859375
0 0.075 0.52109375 0.08515625 0.0078125
0 0.07578125 0.52734375 0.0828125 0.0078125
0 0.075 0.534375 0.08203125 0.0078125
0 0.06328125 0.540625 0.05859375 0.00625
0 0.059375 0.54765625 0.0453125 0.00859375
0 0.14609375 0.50625 0.03671875 0.0078125
0 0.1484375 0.5125 0.03125 0.00703125
0 0.14765625 0.5171875 0.0328125 0.0078125
0 0.14765625 0.521875 0.0328125 0.00703125
0 0.14765625 0.52734375 0.0328125 0.00625
0 0.1484375 0.53359375 0.03203125 0.0046875
0 0.0984375 0.4921875 0.071875 0.00859375
0 0.1234375 0.49921875 0.01953125 0.00703125
0 0.04453125 0.48984375 0.04921875 0.0078125