0 0.78203125 0.09140625 0.39375 0.06171875
0 0.784375 0.11328125 0.384375 0.059375
0 0.77890625 0.13359375 0.38671875 0.05703125
0 0.76875 0.16015625 0.3859375 0.04609375
0 0.97890625 0.11328125 0.040625 0.0375
0 0.984375 0.1359375 0.03046875 0.0328125
0 0.98203125 0.153125 0.03515625 0.03125
0 0.9765625 0.171875 0.0453125 0.03125
0 0.97421875 0.1921875 0.0515625 0.0359375
0 0.971875 0.21015625 0.0546875 0.0328125
0 0.96796875 0.228125 0.06328125 0.03203125
0 0.965625 0.24609375 0.0671875 0.0265625
0 0.9625 0.26328125 0.0734375 0.0265625
0 0.96015625 0.2796875 0.078125 0.02734375
0 0.95625 0.2984375 0.0875 0.02734375
0 0.9515625 0.3140625 0.0875 0.02578125
0 0.94609375 0.33125 0.08515625 0.028125
0 0.94375 0.346875 0.09375 0.025
0 0.93359375 0.36328125 0.09296875 0.0265625
0 0.92890625 0.378125 0.09609375 0.0265625
0 0.91953125 0.39296875 0.09375 0.02734375
0 0.91875 0.409375 0.0890625 0.0328125