0 0.65546875 0.85234375 0.6890625 0.2671875
0 0.63984375 0.7578125 0.7203125 0.296875
0 0.6234375 0.65859375 0.74921875 0.30859375
0 0.6140625 0.55234375 0.771875 0.3171875
0 0.5984375 0.44453125 0.7984375 0.3296875
0 0.57890625 0.3484375 0.815625 0.32734375
0 0.5578125 0.23828125 0.8140625 0.321875
0 0.52890625 0.15 0.8171875 0.3
0 0.4984375 0.08984375 0.76953125 0.1796875
0 0.26796875 0.04609375 0.33125 0.0921875
0 0.24921875 0.925 0.2296875 0.15
0 0.22578125 0.87421875 0.22578125 0.24921875
0 0.1984375 0.79453125 0.22890625 0.2609375
0 0.165625 0.68984375 0.23828125 0.2484375
0 0.14375 0.57109375 0.2515625 0.22890625
0 0.11875 0.4625 0.2375 0.2