0 0.27578125 0.06953125 0.24765625 0.10625
0 0.26171875 0.12890625 0.26796875 0.0953125
0 0.2625 0.19296875 0.26328125 0.09453125
0 0.25625 0.25234375 0.24765625 0.08984375
0 0.253125 0.3078125 0.240625 0.07421875
0 0.2515625 0.3609375 0.24140625 0.0703125
0 0.24921875 0.41796875 0.24609375 0.06484375
0 0.2453125 0.4671875 0.2453125 0.06875
0 0.24296875 0.521875 0.25 0.0703125
0 0.2359375 0.57578125 0.25625 0.0671875
0 0.2359375 0.61953125 0.2515625 0.0640625
0 0.22890625 0.66953125 0.24921875 0.053125
0 0.22578125 0.7109375 0.253125 0.06484375
0 0.2203125 0.759375 0.24765625 0.05625
0 0.22109375 0.80546875 0.24609375 0.05625
0 0.21796875 0.85546875 0.25546875 0.06328125
0 0.21640625 0.91015625 0.26171875 0.05703125
0 0.6359375 0.10625 0.5484375 0.1265625
0 0.63125 0.1640625 0.54921875 0.1125
0 0.628125 0.21796875 0.5453125 0.11640625
0 0.62109375 0.2765625 0.55390625 0.0984375
0 0.61328125 0.33984375 0.54453125 0.09609375
0 0.6125 0.3890625 0.53359375 0.1015625
0 0.61015625 0.440625 0.51875 0.10078125
0 0.603125 0.49140625 0.5046875 0.0984375
0 0.5984375 0.5484375 0.50546875 0.0796875
0 0.59296875 0.5984375 0.50546875 0.06328125
0 0.58984375 0.64296875 0.4921875 0.06484375
0 0.5796875 0.68828125 0.48984375 0.07109375
0 0.57578125 0.73515625 0.4953125 0.07265625
0 0.56953125 0.78125 0.48203125 0.06640625
0 0.5671875 0.8265625 0.4890625 0.04609375
0 0.5640625 0.8671875 0.47421875 0.0609375
0 0.56484375 0.9109375 0.471875 0.05859375
0 0.5578125 0.94296875 0.45703125 0.03203125
0 0.9265625 0.40703125 0.14609375 0.0734375
0 0.92109375 0.45625 0.15703125 0.0828125
0 0.9171875 0.5109375 0.16484375 0.07109375
0 0.91640625 0.56015625 0.1671875 0.06484375
0 0.9078125 0.60859375 0.18359375 0.0703125
0 0.90078125 0.65703125 0.19765625 0.06484375
0 0.89921875 0.6984375 0.20078125 0.06328125
0 0.89140625 0.83203125 0.21640625 0.05703125
0 0.88671875 0.86953125 0.2265625 0.05078125
0 0.884375 0.9109375 0.23046875 0.059375
0 0.88359375 0.946875 0.23203125 0.046875
0 0.93125 0.346875 0.1375 0.06796875
0 0.9328125 0.28203125 0.134375 0.084375