0 0.246875 0.0328125 0.23671875 0.06484375
0 0.22890625 0.065625 0.24140625 0.13125
0 0.2078125 0.12890625 0.2390625 0.17109375
0 0.190625 0.1984375 0.25625 0.1765625
0 0.17109375 0.27421875 0.265625 0.18203125
0 0.14609375 0.340625 0.2578125 0.17578125
0 0.13203125 0.40703125 0.2640625 0.18046875
0 0.12109375 0.4734375 0.24140625 0.171875
0 0.109375 0.54609375 0.21875 0.1578125
0 0.10234375 0.6109375 0.20390625 0.16796875
0 0.09140625 0.68359375 0.1828125 0.1390625
0 0.08203125 0.7640625 0.1640625 0.1484375
0 0.07109375 0.83359375 0.1421875 0.1203125
0 0.06640625 0.8921875 0.1328125 0.09296875
0 0.759375 0.95 0.2890625 0.1
0 0.78203125 0.91875 0.2796875 0.1625
0 0.80703125 0.8640625 0.2890625 0.1703125
0 0.8265625 0.79609375 0.2765625 0.1671875
0 0.85234375 0.73359375 0.271875 0.16640625
0 0.87109375 0.65625 0.2578125 0.171875
0 0.88359375 0.5875 0.2328125 0.159375
0 0.89765625 0.50390625 0.2046875 0.15625
0 0.909375 0.4234375 0.18125 0.146875
0 0.9296875 0.3375 0.140625 0.1484375
0 0.96171875 0.171875 0.0765625 0.15234375
0 0.9390625 0.2640625 0.121875 0.13046875
0 0.6609375 0.09296875 0.63125 0.1859375
0 0.63671875 0.13671875 0.62890625 0.27265625
0 0.60859375 0.21875 0.603125 0.2765625
0 0.57890625 0.29921875 0.5921875 0.284375
0 0.55 0.3828125 0.5796875 0.27421875
0 0.525 0.4578125 0.57578125 0.2765625
0 0.49921875 0.53671875 0.5734375 0.26484375
0 0.47421875 0.609375 0.571875 0.2640625
0 0.4515625 0.6796875 0.56328125 0.259375
0 0.42734375 0.746875 0.546875 0.25
0 0.40625 0.8140625 0.54140625 0.25078125
0 0.38359375 0.88203125 0.53515625 0.2359375
0 0.33125 0.9109375 0.459375 0.17734375
1 0.8421875 0.40546875 0.03046875 0.03046875
1 0.8203125 0.47421875 0.02890625 0.040625
1 0.796875 0.5484375 0.0296875 0.04609375
1 0.7421875 0.68515625 0.02265625 0.03984375