0 0.90859375 0.0828125 0.1828125 0.13828125
0 0.90859375 0.16796875 0.1828125 0.1046875
0 0.8953125 0.23671875 0.209375 0.1046875
0 0.90078125 0.31171875 0.1984375 0.1
0 0.8921875 0.37890625 0.215625 0.0921875
0 0.87734375 0.44609375 0.2453125 0.103125
0 0.871875 0.50859375 0.25625 0.0890625
0 0.8625 0.55859375 0.275 0.07421875
0 0.86015625 0.6140625 0.2796875 0.09453125
0 0.85859375 0.66796875 0.28203125 0.07890625
0 0.865625 0.72578125 0.26875 0.0953125
0 0.85859375 0.7765625 0.28203125 0.090625
0 0.85703125 0.81171875 0.28515625 0.09453125
0 0.84375 0.8640625 0.3125 0.0828125
0 0.8453125 0.9046875 0.309375 0.0703125
0 0.846875 0.94453125 0.30625 0.0671875
0 0.83359375 0.9734375 0.3328125 0.053125
0 0.47578125 0.065625 0.7765625 0.1265625
0 0.478125 0.15390625 0.74296875 0.09765625
0 0.4734375 0.2375 0.7375 0.10859375
0 0.4953125 0.31796875 0.6703125 0.10234375
0 0.49375 0.3875 0.65859375 0.096875
0 0.471875 0.45234375 0.62734375 0.09765625
0 0.46953125 0.51328125 0.63046875 0.0875
0 0.4671875 0.57109375 0.6125 0.07578125
0 0.45546875 0.62421875 0.5921875 0.0765625
0 0.459375 0.675 0.58203125 0.0921875
0 0.47265625 0.73671875 0.5640625 0.09375
0 0.4625 0.790625 0.5703125 0.065625
0 0.45625 0.821875 0.55625 0.06953125
0 0.4609375 0.8703125 0.52734375 0.0765625
0 0.45390625 0.9125 0.5234375 0.06796875
0 0.446875 0.953125 0.515625 0.0609375
0 0.4515625 0.97421875 0.509375 0.05078125
0 0.1109375 0.96796875 0.221875 0.0640625
0 0.11328125 0.9234375 0.2265625 0.065625
0 0.10703125 0.875 0.21328125 0.09453125
0 0.1015625 0.80234375 0.203125 0.109375
0 0.09921875 0.728125 0.1984375 0.0625
0 0.09609375 0.67890625 0.1921875 0.07265625
0 0.09296875 0.6265625 0.18515625 0.0546875
0 0.096875 0.56796875 0.19375 0.071875
0 0.09921875 0.50703125 0.1984375 0.0671875
0 0.09609375 0.4484375 0.19140625 0.07734375
0 0.096875 0.390625 0.19375 0.08125
0 0.0890625 0.32734375 0.178125 0.07578125
0 0.0734375 0.246875 0.146875 0.10234375
0 0.075 0.16328125 0.14921875 0.09453125
0 0.071875 0.0828125 0.14375 0.09453125