0 0.5328125 0.09453125 0.75 0.0921875
0 0.525 0.16328125 0.75703125 0.10234375
0 0.52421875 0.25625 0.7140625 0.10703125
0 0.521875 0.34140625 0.71484375 0.11328125
0 0.5265625 0.4171875 0.7328125 0.10390625
0 0.52265625 0.4921875 0.7328125 0.09921875
0 0.52265625 0.56796875 0.74921875 0.10390625
0 0.5171875 0.640625 0.74453125 0.1046875
0 0.51953125 0.7203125 0.734375 0.1015625
0 0.515625 0.8046875 0.7359375 0.1109375
0 0.5109375 0.878125 0.740625 0.1046875
0 0.5 0.9546875 0.721875 0.090625
0 0.93828125 0.103125 0.121875 0.08359375
0 0.93984375 0.1671875 0.11953125 0.121875
0 0.9296875 0.25390625 0.13984375 0.128125
0 0.9234375 0.34296875 0.153125 0.15703125
0 0.925 0.40546875 0.1484375 0.1375
0 0.92734375 0.4890625 0.1453125 0.1515625
0 0.92890625 0.56171875 0.140625 0.11953125
0 0.9296875 0.64765625 0.140625 0.09765625
0 0.9265625 0.7375 0.1453125 0.09296875
0 0.928125 0.81953125 0.14375 0.1234375
0 0.92578125 0.9015625 0.1484375 0.16875
0 0.91796875 0.946875 0.1640625 0.10625
0 0.12578125 0.778125 0.05078125 0.00859375
0 0.125 0.7734375 0.05078125 0.00546875
0 0.12578125 0.76796875 0.05078125 0.00625
0 0.1265625 0.76328125 0.0515625 0.00546875
0 0.12734375 0.75859375 0.05078125 0.0046875
0 0.128125 0.7546875 0.05078125 0.00546875
0 0.128125 0.74921875 0.05078125 0.00390625
0 0.12890625 0.7453125 0.05078125 0.00546875
0 0.1296875 0.740625 0.05 0.00625
0 0.13203125 0.7375 0.05078125 0.00625
0 0.13125 0.7328125 0.04921875 0.00625
0 0.13203125 0.72890625 0.04921875 0.00546875
0 0.1328125 0.72421875 0.04921875 0.00546875
0 0.13515625 0.71953125 0.04921875 0.0046875
0 0.13515625 0.715625 0.0484375 0.00390625
0 0.13515625 0.7109375 0.05 0.0046875
0 0.1359375 0.70625 0.05 0.0046875
0 0.13671875 0.70234375 0.05078125 0.00546875
0 0.1390625 0.69765625 0.046875 0.00546875
0 0.13828125 0.69375 0.04921875 0.0046875
0 0.13828125 0.68984375 0.04921875 0.00546875
0 0.1390625 0.68515625 0.04921875 0.00546875
0 0.140625 0.68046875 0.04765625 0.0046875
0 0.140625 0.6765625 0.04765625 0.00546875
0 0.140625 0.671875 0.046875 0.00546875
0 0.1421875 0.6671875 0.04921875 0.0046875
0 0.14296875 0.66328125 0.0484375 0.00390625
0 0.14296875 0.659375 0.04765625 0.0046875
0 0.14375 0.6546875 0.0484375 0.0046875
0 0.14453125 0.65078125 0.0484375 0.0046875
0 0.14609375 0.646875 0.0484375 0.00390625
0 0.14609375 0.6421875 0.0484375 0.0046875
0 0.146875 0.63828125 0.04765625 0.00625
0 0.14765625 0.634375 0.04765625 0.00625
0 0.1484375 0.63046875 0.04765625 0.0046875
0 0.1484375 0.6265625 0.04921875 0.0046875
0 0.14921875 0.621875 0.0484375 0.0046875
0 0.15 0.61796875 0.04765625 0.00546875
0 0.07578125 0.77578125 0.046875 0.00546875
0 0.0765625 0.7703125 0.04609375 0.00546875
0 0.07734375 0.76484375 0.04609375 0.00546875
0 0.07734375 0.76171875 0.04609375 0.00625
0 0.0796875 0.75703125 0.04453125 0.0046875
0 0.0796875 0.753125 0.04609375 0.00546875
0 0.08125 0.7484375 0.0453125 0.0046875
0 0.08125 0.74453125 0.046875 0.0046875
0 0.08125 0.73984375 0.0453125 0.00546875
0 0.0828125 0.7359375 0.0453125 0.0046875
0 0.0828125 0.73125 0.04609375 0.0046875
0 0.08359375 0.7265625 0.046875 0.0046875
0 0.084375 0.72265625 0.0453125 0.0046875
0 0.08515625 0.71796875 0.04609375 0.00390625
0 0.08515625 0.71328125 0.04609375 0.0046875
0 0.015625 0.76171875 0.03046875 0.00859375
0 0.0171875 0.75703125 0.03125 0.00859375
0 0.01640625 0.753125 0.03046875 0.0078125
0 0.01796875 0.7484375 0.0296875 0.0078125
0 0.0171875 0.74453125 0.03125 0.00703125
0 0.01796875 0.73984375 0.03046875 0.00703125
0 0.01796875 0.7359375 0.03125 0.00703125
0 0.01875 0.73203125 0.0296875 0.00625
0 0.0203125 0.728125 0.03046875 0.00625
0 0.02109375 0.7234375 0.0296875 0.00625
0 0.02265625 0.71875 0.028125 0.00625
0 0.02265625 0.71484375 0.028125 0.00546875
0 0.02265625 0.7109375 0.028125 0.0046875
0 0.02421875 0.70625 0.02890625 0.00546875
0 0.02421875 0.70234375 0.02734375 0.00625
0 0.02421875 0.6984375 0.028125 0.00546875
0 0.02421875 0.69453125 0.02734375 0.00546875
0 0.025 0.68984375 0.028125 0.0046875
0 0.02578125 0.6859375 0.028125 0.0046875
0 0.025 0.68125 0.02890625 0.00546875
0 0.02578125 0.67734375 0.02734375 0.00546875
0 0.0265625 0.67265625 0.02734375 0.00546875
0 0.02734375 0.66953125 0.02734375 0.0046875
0 0.028125 0.66484375 0.02734375 0.0046875
0 0.0296875 0.6609375 0.0265625 0.00546875
0 0.0296875 0.65703125 0.02734375 0.00625
0 0.03125 0.65234375 0.02734375 0.00546875