0 0.0609375 0.5140625 0.121875 0.80078125
0 0.15546875 0.5203125 0.1546875 0.82578125
0 0.2703125 0.528125 0.153125 0.8484375
0 0.39140625 0.52734375 0.18203125 0.834375
0 0.5046875 0.5265625 0.1703125 0.85390625
0 0.60390625 0.5390625 0.15859375 0.8703125
0 0.71953125 0.54453125 0.15859375 0.9109375
0 0.946875 0.5375 0.10234375 0.925
0 0.8421875 0.5390625 0.16328125 0.921875
0 0.06015625 0.0765625 0.11953125 0.153125
0 0.1609375 0.075 0.1375 0.15
0 0.271875 0.0734375 0.13125 0.146875
0 0.3828125 0.07734375 0.140625 0.1546875
0 0.4984375 0.06796875 0.14140625 0.1359375
0 0.6171875 0.0640625 0.146875 0.128125
0 0.73359375 0.0640625 0.1296875 0.128125
0 0.86796875 0.05546875 0.1515625 0.1109375
0 0.95703125 0.05625 0.08515625 0.1125
0 0.37421875 0.96328125 0.09765625 0.0734375
0 0.29296875 0.96328125 0.1125 0.0734375
0 0.096875 0.95078125 0.1125 0.0984375