0 0.909375 0.0515625 0.18125 0.103125
0 0.90625 0.13046875 0.18671875 0.1625
0 0.903125 0.23046875 0.1890625 0.1609375
0 0.9046875 0.3328125 0.18984375 0.146875
0 0.89765625 0.4265625 0.2046875 0.1421875
0 0.89765625 0.52265625 0.2046875 0.13125
0 0.8921875 0.6203125 0.21484375 0.125
0 0.8921875 0.7109375 0.21484375 0.121875
0 0.88984375 0.79609375 0.2203125 0.1421875
0 0.89296875 0.88125 0.2140625 0.1296875
0 0.51953125 0.05 0.6015625 0.1
0 0.534375 0.0984375 0.628125 0.196875
0 0.53671875 0.1765625 0.63515625 0.2171875
0 0.53359375 0.2734375 0.61953125 0.196875
0 0.5296875 0.3625 0.60234375 0.184375
0 0.528125 0.4484375 0.59921875 0.171875
0 0.52734375 0.53984375 0.596875 0.15703125
0 0.525 0.6234375 0.590625 0.14453125
0 0.52265625 0.70703125 0.5796875 0.14453125
0 0.521875 0.7890625 0.5765625 0.13203125
0 0.52265625 0.87578125 0.578125 0.115625
0 0.52265625 0.9484375 0.56953125 0.103125
0 0.1234375 0.10625 0.24609375 0.1484375
0 0.1203125 0.1875 0.240625 0.13984375
0 0.121875 0.26640625 0.24375 0.1328125
0 0.12109375 0.346875 0.2421875 0.1328125
0 0.12421875 0.425 0.2484375 0.13125
0 0.12578125 0.5125 0.25078125 0.11953125
0 0.12578125 0.5875 0.25078125 0.12109375
0 0.12734375 0.66875 0.2546875 0.1109375
0 0.128125 0.73828125 0.25625 0.1171875
0 0.12578125 0.81796875 0.25078125 0.11484375
0 0.12890625 0.890625 0.2578125 0.115625
0 0.12890625 0.9515625 0.25703125 0.09609375
0 0.040625 0.03671875 0.08125 0.0734375
0 0.0234375 0.05546875 0.046875 0.05390625
0 0.06875 0.02421875 0.0609375 0.04765625
0 0.053125 0.03359375 0.10625 0.06640625
0 0.125 0.0328125 0.06015625 0.0578125
0 0.1328125 0.028125 0.07578125 0.05625
1 0.2390625 0.9578125 0.0171875 0.04140625
1 0.23671875 0.8875 0.0171875 0.03046875
1 0.234375 0.66015625 0.015625 0.0265625