0 0.97734375 0.15234375 0.04375 0.1015625
0 0.971875 0.1015625 0.05546875 0.04609375
0 0.94765625 0.2296875 0.10390625 0.09765625
0 0.92109375 0.31640625 0.15703125 0.10625
0 0.9234375 0.38203125 0.153125 0.1140625
0 0.8953125 0.4515625 0.209375 0.1171875
0 0.8828125 0.51796875 0.234375 0.12265625
0 0.86015625 0.58125 0.23515625 0.1171875
0 0.82890625 0.64140625 0.24375 0.11640625
0 0.8078125 0.70078125 0.2359375 0.11640625
0 0.7875 0.759375 0.2265625 0.115625
0 0.75859375 0.821875 0.2375 0.11015625
0 0.7296875 0.87421875 0.2453125 0.11484375
0 0.71328125 0.9328125 0.2328125 0.10625
0 0.690625 0.965625 0.23671875 0.06796875
0 0.6984375 0.06171875 0.53515625 0.1234375
0 0.6171875 0.0953125 0.7421875 0.18984375
0 0.596875 0.1328125 0.74296875 0.26015625
0 0.56328125 0.21015625 0.7296875 0.2515625
0 0.5359375 0.2859375 0.69921875 0.23828125
0 0.503125 0.35390625 0.6890625 0.234375
0 0.48046875 0.42421875 0.67734375 0.2203125
0 0.45390625 0.49296875 0.68046875 0.20859375
0 0.42734375 0.56015625 0.6640625 0.203125
0 0.4078125 0.6203125 0.6609375 0.19296875
0 0.3765625 0.68203125 0.6546875 0.1890625
0 0.35234375 0.74140625 0.6453125 0.1796875
0 0.33359375 0.80078125 0.6125 0.1765625
0 0.30546875 0.92265625 0.6109375 0.15390625
0 0.32734375 0.875 0.62890625 0.14375
0 0.18984375 0.0234375 0.16328125 0.04609375
0 0.17578125 0.06015625 0.16875 0.1203125
0 0.15 0.13828125 0.171875 0.11796875
0 0.12421875 0.2078125 0.18203125 0.11953125
0 0.10390625 0.27890625 0.18984375 0.115625
0 0.08828125 0.34921875 0.1765625 0.1140625
0 0.075 0.41875 0.15 0.1125
0 0.06796875 0.48828125 0.13515625 0.10625
0 0.0609375 0.5546875 0.121875 0.09609375
0 0.046875 0.61796875 0.09375 0.0953125
0 0.03203125 0.6828125 0.06328125 0.08671875
1 0.83125 0.43203125 0.0328125 0.0359375
1 0.80703125 0.50703125 0.03125 0.02265625
1 0.7765625 0.56171875 0.028125 0.03203125
1 0.7453125 0.6171875 0.02421875 0.0328125
1 0.71953125 0.6765625 0.02109375 0.03203125
1 0.68828125 0.7359375 0.01640625 0.025