0 0.9765625 0.23359375 0.046875 0.103125
0 0.959375 0.3015625 0.08125 0.0921875
0 0.9625 0.36171875 0.075 0.09375
0 0.9515625 0.4265625 0.096875 0.1
0 0.94375 0.490625 0.1125 0.10625
0 0.93515625 0.55390625 0.1296875 0.1015625
0 0.93125 0.62578125 0.13671875 0.10546875
0 0.91796875 0.696875 0.1609375 0.12890625
0 0.909375 0.76796875 0.18125 0.12265625
0 0.89921875 0.8359375 0.20078125 0.14453125
0 0.8953125 0.9046875 0.209375 0.12890625
0 0.70234375 0.13515625 0.57890625 0.26171875
0 0.6828125 0.2 0.5890625 0.2546875
0 0.6640625 0.25703125 0.58828125 0.26328125
0 0.63984375 0.3171875 0.6 0.2703125
0 0.62578125 0.378125 0.609375 0.28046875
0 0.60703125 0.440625 0.615625 0.29765625
0 0.58828125 0.51328125 0.62109375 0.30078125
0 0.56640625 0.57265625 0.634375 0.30078125
0 0.540625 0.63984375 0.6421875 0.30625
0 0.51875 0.71796875 0.65234375 0.3203125
0 0.49375 0.784375 0.678125 0.334375
0 0.47265625 0.8484375 0.6953125 0.303125
0 0.421875 0.890625 0.6640625 0.21875
0 0.390625 0.03046875 0.1359375 0.06015625
0 0.2953125 0.05390625 0.3203125 0.1078125
0 0.2828125 0.0828125 0.2875 0.165625
0 0.26171875 0.146875 0.29453125 0.1859375
0 0.2375 0.20625 0.28515625 0.17578125
0 0.21640625 0.2640625 0.27265625 0.17265625
0 0.1984375 0.31953125 0.27890625 0.16796875
0 0.1765625 0.37890625 0.27578125 0.17734375
0 0.1625 0.440625 0.27890625 0.18046875
0 0.14296875 0.5046875 0.2859375 0.1875
0 0.128125 0.5734375 0.25546875 0.1828125
0 0.11484375 0.63203125 0.2296875 0.1640625
0 0.10078125 0.6953125 0.2015625 0.15625
0 0.0859375 0.75859375 0.17109375 0.1484375
0 0.06875 0.81640625 0.1375 0.1140625