0 0.38828125 0.0125 0.5765625 0.025
0 0.3359375 0.04140625 0.671875 0.0828125
0 0.328125 0.084375 0.65625 0.08203125
0 0.31875 0.13203125 0.6375 0.0703125
0 0.32421875 0.171875 0.6484375 0.0734375
1 0.68515625 0.01015625 0.01015625 0.00703125
1 0.68359375 0.02109375 0.0109375 0.00625
1 0.675 0.04375 0.01171875 0.00625
1 0.67578125 0.05390625 0.01015625 0.00625
1 0.671875 0.07578125 0.01015625 0.00625
1 0.6703125 0.08671875 0.01015625 0.00546875
1 0.6640625 0.09765625 0.0140625 0.0046875
1 0.66796875 0.10859375 0.0140625 0.0046875
1 0.6671875 0.11796875 0.0109375 0.00703125
1 0.60859375 0.178125 0.0359375 0.01875
1 0.61640625 0.09296875 0.0375 0.02109375
1 0.6203125 0.0484375 0.03828125 0.02421875
1 0.62734375 0.00546875 0.03828125 0.0109375