0 0.0265625 0.51640625 0.053125 0.871875
0 0.09375 0.51796875 0.13984375 0.85546875
0 0.20390625 0.51328125 0.14609375 0.834375
0 0.30859375 0.509375 0.12890625 0.80703125
0 0.4109375 0.51796875 0.12421875 0.8125
0 0.5109375 0.5171875 0.1125 0.7828125
0 0.5953125 0.51484375 0.13203125 0.75234375
0 0.690625 0.51640625 0.12578125 0.73984375
0 0.77734375 0.5203125 0.1171875 0.7390625
0 0.86171875 0.51875 0.1203125 0.7203125
0 0.940625 0.5109375 0.11875 0.71640625
0 0.94609375 0.09375 0.103125 0.1875
0 0.8703125 0.09375 0.1234375 0.1875
0 0.778125 0.09375 0.13125 0.1875
0 0.68828125 0.08984375 0.1390625 0.1796875
0 0.60625 0.08359375 0.11015625 0.1671875
0 0.51171875 0.078125 0.1171875 0.15625
0 0.41640625 0.0796875 0.1171875 0.159375
0 0.31328125 0.0703125 0.1265625 0.140625
0 0.2140625 0.06328125 0.1234375 0.1265625
0 0.1046875 0.059375 0.134375 0.11875
0 0.04296875 0.05625 0.0859375 0.1125
1 0.2015625 0.94375 0.059375 0.04609375
1 0.08671875 0.95078125 0.06953125 0.0421875
1 0.67421875 0.1484375 0.05078125 0.0359375
1 0.76328125 0.1609375 0.046875 0.02578125
1 0.84296875 0.159375 0.05546875 0.03671875
1 0.92890625 0.165625 0.0546875 0.034375