0 0.7015625 0.125 0.265625 0.17109375
0 0.74140625 0.196875 0.28984375 0.16484375
0 0.75546875 0.259375 0.2796875 0.16640625
0 0.7671875 0.31796875 0.271875 0.17890625
0 0.80625 0.3734375 0.3140625 0.1875
0 0.80546875 0.4328125 0.275 0.18671875
0 0.8328125 0.48984375 0.284375 0.1890625
0 0.83828125 0.490625 0.28984375 0.18984375
0 0.8546875 0.55390625 0.2875 0.19453125
0 0.86328125 0.6078125 0.26875 0.1859375
0 0.875 0.66640625 0.24921875 0.18671875
0 0.884375 0.7234375 0.23125 0.16875
0 0.8921875 0.7765625 0.2109375 0.146875
0 0.89921875 0.82578125 0.2015625 0.1171875
0 0.34921875 0.234375 0.4890625 0.23828125
0 0.37421875 0.303125 0.521875 0.26796875
0 0.39140625 0.36328125 0.50625 0.27421875
0 0.41796875 0.42578125 0.50078125 0.27109375
0 0.44765625 0.48984375 0.47109375 0.26015625
0 0.4671875 0.5546875 0.4765625 0.2515625
0 0.5015625 0.60625 0.47734375 0.2375
0 0.51015625 0.6625 0.46171875 0.2390625
0 0.53515625 0.71875 0.45546875 0.2421875
0 0.55703125 0.78046875 0.4421875 0.24453125
0 0.57421875 0.83359375 0.43984375 0.24140625
0 0.59140625 0.88359375 0.43828125 0.2328125
0 0.609375 0.9109375 0.4296875 0.17734375
0 0.06640625 0.334375 0.1328125 0.1171875
0 0.07890625 0.40703125 0.1578125 0.1390625
0 0.09609375 0.475 0.19140625 0.15703125
0 0.11953125 0.54140625 0.18984375 0.15546875
0 0.1453125 0.60859375 0.1890625 0.1375
0 0.17421875 0.66328125 0.1984375 0.16171875
0 0.19609375 0.7359375 0.20703125 0.1484375
0 0.225 0.79375 0.20390625 0.15546875
0 0.24453125 0.853125 0.22265625 0.14296875
0 0.26640625 0.9109375 0.2078125 0.153125
0 0.28203125 0.94453125 0.196875 0.1109375
0 0.346875 0.9703125 0.11875 0.05859375