0 0.89140625 0.98125 0.2171875 0.0375
0 0.8828125 0.9390625 0.234375 0.08359375
0 0.88359375 0.88125 0.2328125 0.090625
0 0.88359375 0.8328125 0.2328125 0.078125
0 0.88046875 0.76796875 0.2390625 0.0859375
0 0.88125 0.70078125 0.2375 0.0890625
0 0.87421875 0.6296875 0.25078125 0.09140625
0 0.86953125 0.55859375 0.2609375 0.10546875
0 0.88125 0.48359375 0.2375 0.1078125
0 0.88359375 0.41015625 0.2328125 0.1078125
0 0.88671875 0.3265625 0.2265625 0.11171875
0 0.88515625 0.2515625 0.22890625 0.10703125
0 0.87890625 0.1546875 0.2421875 0.121875
0 0.8765625 0.0625 0.22109375 0.125
0 0.46015625 0.953125 0.7140625 0.09375
0 0.4515625 0.88984375 0.734375 0.11171875
0 0.4453125 0.83671875 0.73828125 0.1140625
0 0.44140625 0.7703125 0.74140625 0.1078125
0 0.434375 0.7015625 0.75859375 0.1203125
0 0.4265625 0.628125 0.75078125 0.1203125
0 0.4265625 0.55390625 0.7546875 0.1109375
0 0.42265625 0.48203125 0.77734375 0.121875
0 0.41875 0.4125 0.7890625 0.10625
0 0.41328125 0.32578125 0.77890625 0.1078125
0 0.4125 0.2421875 0.80390625 0.121875
0 0.421875 0.15859375 0.7953125 0.12109375
0 0.4125 0.0625 0.825 0.1046875
0 0.0640625 0.97109375 0.128125 0.0578125
0 0.06328125 0.909375 0.1265625 0.103125
0 0.05078125 0.840625 0.1015625 0.10390625
0 0.0515625 0.771875 0.103125 0.09375
0 0.04453125 0.703125 0.08828125 0.10234375