0 0.5 0.3515625 1 0.3203125
0 0.51171875 0.47265625 0.9765625 0.31640625
0 0.52109375 0.5609375 0.9578125 0.328125
0 0.57109375 0.64609375 0.8578125 0.34140625
0 0.60234375 0.7234375 0.7953125 0.34453125
0 0.63671875 0.78671875 0.7265625 0.3296875
0 0.6515625 0.84453125 0.696875 0.3109375
0 0.86640625 0.890625 0.2640625 0.21875
0 0.88046875 0.91796875 0.23828125 0.1640625
0 0.51015625 0.93359375 0.3171875 0.1328125
0 0.76796875 0.0703125 0.4640625 0.140625
0 0.77421875 0.08828125 0.4515625 0.1765625
0 0.790625 0.13359375 0.41796875 0.16171875
0 0.8 0.19609375 0.4 0.14765625
0 0.3984375 0.09140625 0.30703125 0.14296875
0 0.4140625 0.12890625 0.2953125 0.14765625
0 0.44609375 0.16328125 0.3171875 0.146875
0 0.465625 0.2125 0.3125 0.1265625
0 0.4828125 0.25078125 0.30859375 0.109375
0 0.4890625 0.28515625 0.28984375 0.09296875
0 0.065625 0.1859375 0.10078125 0.06875
0 0.08203125 0.20703125 0.13359375 0.075
0 0.10234375 0.23046875 0.13203125 0.0828125
0 0.1234375 0.253125 0.14296875 0.07421875
0 0.13828125 0.278125 0.134375 0.07890625
0 0.15390625 0.30390625 0.134375 0.06640625
0 0.16484375 0.325 0.13984375 0.053125
0 0.16328125 0.3421875 0.121875 0.03828125