0 0.12734375 0.015625 0.2546875 0.03125
0 0.13203125 0.0359375 0.2640625 0.071875
0 0.13828125 0.0828125 0.25859375 0.08828125
0 0.1515625 0.12109375 0.265625 0.0890625
0 0.15234375 0.16328125 0.253125 0.08984375
0 0.1625 0.2046875 0.25234375 0.0953125
0 0.17109375 0.24296875 0.253125 0.09296875
0 0.17890625 0.28203125 0.2515625 0.09765625
0 0.18984375 0.31953125 0.25234375 0.1015625
0 0.1921875 0.359375 0.24375 0.115625
0 0.20625 0.39609375 0.25 0.11328125
0 0.2140625 0.43515625 0.25078125 0.1171875
0 0.22421875 0.471875 0.259375 0.1234375
0 0.23203125 0.50625 0.253125 0.1265625
0 0.240625 0.5390625 0.25703125 0.1359375
0 0.2421875 0.57421875 0.25390625 0.13828125
0 0.253125 0.61015625 0.25546875 0.14609375
0 0.26328125 0.64296875 0.25703125 0.146875
0 0.73359375 0.415625 0.29921875 0.09453125
1 0.725 0.43828125 0.025 0.02734375
0 0.51796875 0.2953125 0.0796875 0.021875
0 0.52109375 0.3078125 0.0859375 0.0265625
0 0.5140625 0.31875 0.1015625 0.03671875
0 0.5109375 0.33125 0.0921875 0.03359375
0 0.52109375 0.3375 0.10625 0.03515625
0 0.5234375 0.34765625 0.103125 0.03203125
0 0.52578125 0.35546875 0.103125 0.03125
0 0.5296875 0.371875 0.103125 0.02109375
0 0.52265625 0.39609375 0.07265625 0.01484375
0 0.5234375 0.4109375 0.07109375 0.01328125
0 0.5265625 0.42265625 0.07265625 0.015625