0 0.8796875 0.9359375 0.196875 0.128125
0 0.89609375 0.85625 0.1984375 0.15234375
0 0.903125 0.78671875 0.19375 0.14296875
0 0.91484375 0.690625 0.1703125 0.1390625
0 0.9140625 0.59296875 0.171875 0.1375
0 0.91953125 0.49609375 0.1609375 0.1671875
0 0.93515625 0.3984375 0.1296875 0.1375
0 0.95 0.28671875 0.1 0.16953125
0 0.96015625 0.17890625 0.0796875 0.13203125
0 0.2421875 0.9640625 0.278125 0.07109375
0 0.44375 0.92734375 0.703125 0.1453125
0 0.45078125 0.87265625 0.68046875 0.21484375
0 0.4671875 0.790625 0.725 0.24140625
0 0.484375 0.7 0.7328125 0.2484375
0 0.5 0.60234375 0.7359375 0.25625
0 0.5015625 0.49921875 0.73828125 0.26796875
0 0.51953125 0.40625 0.72734375 0.2671875
0 0.5421875 0.30625 0.7609375 0.27421875
0 0.56171875 0.2078125 0.7875 0.27109375
0 0.58515625 0.11640625 0.7734375 0.2328125
0 0.665625 0.06640625 0.6390625 0.13203125
0 0.05859375 0.9625 0.11640625 0.075
0 0.06015625 0.90625 0.1203125 0.103125
0 0.06640625 0.81796875 0.13203125 0.14296875
0 0.06953125 0.7109375 0.13828125 0.13046875
0 0.075 0.63046875 0.15 0.15078125
0 0.08046875 0.51796875 0.1609375 0.15625
0 0.0875 0.43359375 0.175 0.17109375
0 0.09609375 0.33046875 0.1921875 0.16796875
0 0.09765625 0.22109375 0.1953125 0.15546875
0 0.1078125 0.11640625 0.2 0.1609375
0 0.13046875 0.04921875 0.2171875 0.0984375