0 0.490625 0.91640625 0.93125 0.1671875
0 0.5328125 0.815625 0.93359375 0.1578125
0 0.503125 0.71953125 0.88125 0.1328125
0 0.48359375 0.6359375 0.82578125 0.140625
0 0.49375 0.55546875 0.815625 0.1171875
0 0.4984375 0.47109375 0.784375 0.0984375
0 0.5046875 0.4 0.77734375 0.11015625
0 0.4765625 0.325 0.75390625 0.1140625
0 0.53125 0.25703125 0.725 0.10078125
0 0.53203125 0.1921875 0.71328125 0.1109375
0 0.5234375 0.14296875 0.703125 0.09140625
0 0.50390625 0.08046875 0.68359375 0.09140625
0 0.5015625 0.0421875 0.66015625 0.084375
0 0.92734375 0.63671875 0.1453125 0.1046875
0 0.93359375 0.54921875 0.13203125 0.09765625
0 0.92890625 0.47109375 0.1421875 0.0828125
0 0.9328125 0.39921875 0.134375 0.0875
0 0.9109375 0.3265625 0.17734375 0.1078125
0 0.925 0.26953125 0.15 0.09765625
0 0.92109375 0.19609375 0.1578125 0.0859375
0 0.9078125 0.14296875 0.18359375 0.09296875
0 0.896875 0.08828125 0.20546875 0.10078125
0 0.89921875 0.03984375 0.2015625 0.0796875
1 0.87890625 0.34609375 0.040625 0.05