0 0.4828125 0.2796875 0.965625 0.2
0 0.49375 0.3734375 0.9125 0.215625
0 0.4953125 0.4484375 0.87734375 0.24375
0 0.503125 0.52265625 0.8140625 0.246875
0 0.4984375 0.57578125 0.790625 0.265625
0 0.5125 0.65234375 0.7328125 0.2484375
0 0.50703125 0.70078125 0.69921875 0.2515625
0 0.5078125 0.72265625 0.69765625 0.29375
0 0.45703125 0.7578125 0.759375 0.2921875
0 0.503125 0.78828125 0.65703125 0.2921875
0 0.71328125 0.03515625 0.4390625 0.0703125
0 0.75625 0.0546875 0.4875 0.109375
0 0.75390625 0.1171875 0.47421875 0.071875
0 0.7421875 0.17734375 0.45625 0.06015625
0 0.375 0.02421875 0.25 0.0484375
0 0.38515625 0.046875 0.23828125 0.07578125
0 0.39453125 0.08671875 0.24453125 0.06484375
0 0.40234375 0.125 0.24296875 0.03984375
0 0.40625 0.1640625 0.23046875 0.03828125
0 0.4078125 0.19375 0.22578125 0.03515625
0 0.10859375 0.04609375 0.07578125 0.03203125
0 0.1171875 0.065625 0.090625 0.03515625
0 0.13125 0.0890625 0.1078125 0.03828125
0 0.1359375 0.1125 0.10703125 0.0359375
0 0.1421875 0.13515625 0.10390625 0.0265625
0 0.14609375 0.15703125 0.1015625 0.02265625
0 0.153125 0.18203125 0.10859375 0.03046875
0 0.15 0.18984375 0.10234375 0.02109375
0 0.95234375 0.38125 0.0953125 0.06953125
0 0.9453125 0.42734375 0.10859375 0.07265625
0 0.93515625 0.46875 0.1296875 0.0796875
0 0.93203125 0.5109375 0.13515625 0.08671875
0 0.93125 0.54921875 0.1375 0.090625
0 0.92890625 0.58671875 0.1421875 0.0953125
0 0.9203125 0.625 0.159375 0.1
1 0.92890625 0.2421875 0.034375 0.03359375
1 0.91484375 0.30546875 0.03203125 0.03359375
1 0.90078125 0.36640625 0.03203125 0.03125
1 0.88515625 0.4203125 0.03125 0.0328125
1 0.865625 0.47109375 0.0296875 0.03046875
1 0.85859375 0.51953125 0.02890625 0.03046875
1 0.8484375 0.56171875 0.02734375 0.028125
1 0.834375 0.59921875 0.02890625 0.028125
1 0.815625 0.6359375 0.02578125 0.0265625
1 0.80546875 0.66875 0.02578125 0.02890625