0 0.4328125 0.94921875 0.7875 0.1015625
0 0.4921875 0.9109375 0.90625 0.178125
0 0.51484375 0.896875 0.9109375 0.20625
0 0.540625 0.85078125 0.89140625 0.225
0 0.5484375 0.7859375 0.903125 0.240625
0 0.509375 0.69921875 0.95546875 0.26640625
0 0.5453125 0.62421875 0.909375 0.2546875
0 0.54140625 0.5484375 0.9171875 0.265625
0 0.53671875 0.46484375 0.9265625 0.2796875
0 0.53984375 0.3765625 0.9203125 0.28515625
0 0.56171875 0.28984375 0.8765625 0.28359375
0 0.5859375 0.18984375 0.828125 0.2859375
0 0.559375 0.115625 0.88125 0.23125
0 0.709375 0.06171875 0.578125 0.1234375