0 0.909375 0.0484375 0.18125 0.096875
0 0.90625 0.140625 0.18671875 0.11171875
0 0.90390625 0.2296875 0.19140625 0.11328125
0 0.90078125 0.321875 0.1984375 0.1109375
0 0.8796875 0.41171875 0.240625 0.10390625
0 0.8796875 0.49453125 0.240625 0.09375
0 0.8671875 0.57578125 0.265625 0.0921875
0 0.859375 0.6453125 0.28125 0.0859375
0 0.859375 0.71171875 0.28125 0.09453125
0 0.85234375 0.7828125 0.2953125 0.0890625
0 0.8546875 0.8484375 0.290625 0.08515625
0 0.859375 0.91328125 0.28125 0.0890625
0 0.84921875 0.965625 0.30078125 0.06875
0 0.465625 0.040625 0.77890625 0.08125
0 0.45703125 0.12421875 0.771875 0.12890625
0 0.45234375 0.23203125 0.76484375 0.1234375
0 0.4671875 0.33125 0.7375 0.11953125
0 0.4640625 0.41640625 0.64921875 0.1015625
0 0.4546875 0.49921875 0.6609375 0.11015625
0 0.45703125 0.57265625 0.6484375 0.08828125
0 0.44140625 0.64140625 0.59296875 0.0875
0 0.4390625 0.71875 0.60390625 0.0953125
0 0.4421875 0.78984375 0.5859375 0.07890625
0 0.4390625 0.84921875 0.5703125 0.10078125
0 0.434375 0.925 0.5703125 0.08046875
0 0.4359375 0.97421875 0.540625 0.0515625
0 0.08359375 0.97265625 0.1671875 0.0515625
0 0.075 0.92890625 0.15 0.0796875
0 0.0875 0.86171875 0.175 0.0796875
0 0.0828125 0.79375 0.165625 0.08125
0 0.07734375 0.71875 0.1546875 0.09375
0 0.08203125 0.64296875 0.1640625 0.1046875
0 0.08046875 0.5796875 0.1609375 0.084375
0 0.075 0.50390625 0.15 0.09140625
0 0.0765625 0.42109375 0.15234375 0.0953125
0 0.0578125 0.33125 0.115625 0.103125
0 0.05078125 0.2375 0.1015625 0.1109375
0 0.05390625 0.13359375 0.10703125 0.11640625
0 0.04765625 0.04453125 0.0953125 0.0890625