0 0.759375 0.05625 0.48046875 0.11171875
0 0.64765625 0.1171875 0.7046875 0.234375
0 0.63203125 0.1828125 0.7359375 0.3296875
0 0.625 0.278125 0.75 0.32109375
0 0.59375 0.37734375 0.71875 0.3125
0 0.57578125 0.46875 0.6984375 0.30078125
0 0.540625 0.56328125 0.73515625 0.328125
0 0.49609375 0.621875 0.6796875 0.32109375
0 0.484375 0.72421875 0.69453125 0.321875
0 0.46171875 0.796875 0.634375 0.2890625
0 0.43984375 0.8625 0.6546875 0.27421875
0 0.4296875 0.8921875 0.646875 0.215625
0 0.240625 0.02578125 0.175 0.0515625
0 0.21875 0.06953125 0.1796875 0.1390625
0 0.2015625 0.16484375 0.184375 0.15390625
0 0.17421875 0.25546875 0.19921875 0.14765625
0 0.15546875 0.3453125 0.203125 0.14921875
0 0.13203125 0.41875 0.19921875 0.14609375
0 0.11328125 0.50078125 0.2265625 0.1625
0 0.08671875 0.57734375 0.1734375 0.146875
0 0.0890625 0.66484375 0.178125 0.1578125
0 0.08046875 0.73515625 0.16015625 0.12734375
0 0.06875 0.79453125 0.1375 0.1234375