0 0.95703125 0.9671875 0.0859375 0.06484375
0 0.9515625 0.896875 0.09609375 0.12421875
0 0.93984375 0.80078125 0.1203125 0.12265625
0 0.92734375 0.7 0.1453125 0.1125
0 0.921875 0.6125 0.15625 0.11171875
0 0.92265625 0.5234375 0.1546875 0.10703125
0 0.92109375 0.43984375 0.15703125 0.10234375
0 0.91328125 0.36015625 0.1734375 0.10078125
0 0.9046875 0.3046875 0.18515625 0.08984375
0 0.88046875 0.23359375 0.20859375 0.08203125
0 0.87578125 0.16484375 0.20078125 0.08671875
0 0.85 0.1109375 0.2234375 0.08203125
0 0.8515625 0.06171875 0.215625 0.084375
0 0.840625 0.01796875 0.2109375 0.03515625
0 0.6734375 0.96796875 0.53125 0.0640625
0 0.48828125 0.91796875 0.8859375 0.1640625
0 0.47421875 0.84609375 0.89140625 0.21796875
0 0.46015625 0.74921875 0.86640625 0.19375
0 0.44921875 0.65546875 0.85 0.18203125
0 0.4546875 0.56328125 0.84921875 0.171875
0 0.46875 0.4703125 0.8234375 0.165625
0 0.46953125 0.3921875 0.79921875 0.1515625
0 0.4578125 0.31328125 0.771875 0.13828125
0 0.4453125 0.25078125 0.703125 0.1
0 0.4453125 0.19453125 0.71328125 0.11328125
0 0.43203125 0.12421875 0.653125 0.1140625
0 0.44296875 0.06484375 0.678125 0.10546875
0 0.4390625 0.0390625 0.66875 0.07734375
0 0.0625 0.03515625 0.12421875 0.06953125
0 0.06640625 0.08828125 0.1328125 0.0734375
0 0.0671875 0.14375 0.134375 0.08359375
0 0.0578125 0.2109375 0.115625 0.084375
0 0.05625 0.2796875 0.11171875 0.08125
0 0.04609375 0.3578125 0.09140625 0.09765625
0 0.03671875 0.5203125 0.0734375 0.12421875
0 0.02578125 0.60703125 0.0515625 0.0765625
0 0.028125 0.6890625 0.05546875 0.10859375