0 0.82734375 0.05 0.2015625 0.1
0 0.83984375 0.1265625 0.2546875 0.1703125
0 0.85390625 0.21328125 0.24140625 0.16875
0 0.86875 0.29375 0.259375 0.18046875
0 0.865625 0.38046875 0.26484375 0.159375
0 0.87421875 0.45234375 0.2484375 0.15703125
0 0.88515625 0.5328125 0.22578125 0.1609375
0 0.88828125 0.609375 0.2234375 0.14765625
0 0.89375 0.6703125 0.209375 0.1453125
0 0.89921875 0.74453125 0.2015625 0.13203125
0 0.89921875 0.81796875 0.19765625 0.146875
0 0.90859375 0.88203125 0.17890625 0.12578125
0 0.9140625 0.940625 0.171875 0.11875
0 0.384375 0.0859375 0.621875 0.171875
0 0.421875 0.128125 0.590625 0.25625
0 0.4484375 0.21875 0.58984375 0.26015625
0 0.46484375 0.31171875 0.6015625 0.2640625
0 0.4890625 0.39140625 0.59140625 0.25078125
0 0.4984375 0.471875 0.55703125 0.23671875
0 0.5109375 0.55234375 0.55625 0.22890625
0 0.53125 0.62734375 0.53359375 0.2265625
0 0.5453125 0.69453125 0.52421875 0.228125
0 0.56171875 0.78046875 0.5296875 0.21640625
0 0.58203125 0.8390625 0.5015625 0.20546875
0 0.59140625 0.89453125 0.4953125 0.1984375
0 0.6015625 0.93046875 0.496875 0.1390625
0 0.65546875 0.95390625 0.3953125 0.0921875
0 0.05390625 0.1484375 0.1078125 0.1
0 0.078125 0.2171875 0.15625 0.159375
0 0.096875 0.3046875 0.19375 0.1625
0 0.11796875 0.39765625 0.1859375 0.1453125
0 0.14375 0.475 0.196875 0.1453125
0 0.159375 0.56328125 0.18828125 0.12890625
0 0.178125 0.63515625 0.184375 0.14765625
0 0.19921875 0.71875 0.1921875 0.1390625
0 0.21796875 0.78671875 0.1921875 0.14375
0 0.23359375 0.859375 0.1859375 0.13984375
0 0.2546875 0.92109375 0.20078125 0.12578125
0 0.271875 0.96171875 0.203125 0.0765625