0 0.934375 0.0421875 0.13125 0.08359375
0 0.93203125 0.11484375 0.1359375 0.11171875
0 0.9203125 0.1984375 0.15859375 0.10078125
0 0.92421875 0.27265625 0.1515625 0.0953125
0 0.91796875 0.346875 0.16328125 0.090625
0 0.91796875 0.41640625 0.16328125 0.08515625
0 0.91171875 0.47890625 0.1765625 0.0796875
0 0.90859375 0.5453125 0.1828125 0.0828125
0 0.90546875 0.615625 0.1890625 0.06796875
0 0.9109375 0.66953125 0.178125 0.08046875
0 0.9 0.73359375 0.2 0.08046875
0 0.91015625 0.78515625 0.1796875 0.0640625
0 0.91015625 0.83984375 0.1796875 0.0703125
0 0.9015625 0.89375 0.196875 0.065625
0 0.9015625 0.93125 0.19609375 0.059375
0 0.90234375 0.97109375 0.1953125 0.05703125
0 0.52109375 0.0328125 0.76640625 0.065625
0 0.51875 0.08984375 0.7765625 0.13046875
0 0.52734375 0.178125 0.7453125 0.11953125
0 0.52109375 0.26171875 0.73125 0.115625
0 0.51953125 0.33515625 0.7015625 0.10234375
0 0.52421875 0.41328125 0.6828125 0.0875
0 0.5171875 0.48203125 0.65078125 0.075
0 0.525 0.55546875 0.69609375 0.090625
0 0.52109375 0.62109375 0.61484375 0.0640625
0 0.5296875 0.68671875 0.65703125 0.103125
0 0.52109375 0.74765625 0.61796875 0.075
0 0.52734375 0.8046875 0.6375 0.1015625
0 0.53203125 0.865625 0.6 0.08203125
0 0.5328125 0.9125 0.5921875 0.09453125
0 0.5359375 0.9546875 0.5765625 0.0734375
0 0.55234375 0.975 0.5640625 0.05
0 0.12109375 0.26328125 0.04765625 0.00546875
0 0.12109375 0.26796875 0.04765625 0.00546875
0 0.121875 0.271875 0.0484375 0.00546875
0 0.12265625 0.27578125 0.04921875 0.00546875
0 0.1234375 0.28046875 0.046875 0.00546875
0 0.1234375 0.28515625 0.04765625 0.00625
0 0.1234375 0.2890625 0.04765625 0.00546875
0 0.1234375 0.29296875 0.046875 0.00546875
0 0.12421875 0.296875 0.046875 0.0046875
0 0.125 0.30078125 0.04765625 0.0046875
0 0.125 0.30546875 0.05 0.0046875
0 0.1265625 0.309375 0.0484375 0.00546875
0 0.12578125 0.3140625 0.0484375 0.00546875
0 0.1265625 0.31796875 0.04765625 0.0046875
0 0.1265625 0.321875 0.04765625 0.00546875
0 0.12734375 0.32578125 0.04765625 0.00625
0 0.128125 0.33046875 0.046875 0.0046875
0 0.12890625 0.334375 0.0484375 0.0046875
0 0.12890625 0.33828125 0.04921875 0.0046875
0 0.12890625 0.3421875 0.04921875 0.0046875
0 0.12890625 0.34609375 0.04921875 0.0046875
0 0.12890625 0.35 0.04765625 0.0046875
0 0.13046875 0.3546875 0.0484375 0.0046875
0 0.13046875 0.35859375 0.0484375 0.0046875
0 0.13125 0.3625 0.0484375 0.0046875
0 0.13125 0.36640625 0.04765625 0.00546875
0 0.13203125 0.3703125 0.046875 0.0046875
0 0.1328125 0.37421875 0.04765625 0.0046875
0 0.1328125 0.378125 0.046875 0.0046875
0 0.13359375 0.38203125 0.04609375 0.0046875
0 0.13359375 0.3859375 0.046875 0.0046875
0 0.134375 0.38984375 0.04765625 0.0046875
0 0.134375 0.39375 0.046875 0.00390625
0 0.13515625 0.39765625 0.0484375 0.0046875
0 0.1359375 0.4015625 0.04765625 0.0046875
0 0.1359375 0.4046875 0.04609375 0.0046875
0 0.13671875 0.409375 0.04765625 0.00390625
0 0.13671875 0.41328125 0.04765625 0.0046875
0 0.16484375 0.2640625 0.03125 0.00546875
0 0.1671875 0.26875 0.0296875 0.0046875
0 0.1671875 0.27265625 0.03046875 0.00546875
0 0.16796875 0.27734375 0.03125 0.0046875
0 0.16796875 0.28125 0.03046875 0.0046875
0 0.16796875 0.2859375 0.03125 0.00546875
0 0.16875 0.28984375 0.03046875 0.00546875
0 0.16328125 0.29375 0.02109375 0.0046875
0 0.16640625 0.2984375 0.025 0.0046875
0 0.17265625 0.30234375 0.03515625 0.00390625
0 0.17265625 0.30625 0.03515625 0.0046875
0 0.17265625 0.3109375 0.03515625 0.0046875
0 0.175 0.31484375 0.0390625 0.00390625
0 0.175 0.31875 0.0390625 0.00390625
0 0.175 0.32265625 0.03984375 0.00546875
0 0.17578125 0.32734375 0.03984375 0.00546875
0 0.17578125 0.33125 0.03984375 0.0046875
0 0.17578125 0.33515625 0.040625 0.00546875
0 0.17578125 0.3390625 0.040625 0.0046875
0 0.1765625 0.34296875 0.040625 0.00546875
0 0.1765625 0.346875 0.040625 0.00546875
0 0.17734375 0.35078125 0.03984375 0.00390625
0 0.17578125 0.35546875 0.03828125 0.0046875
0 0.17578125 0.35859375 0.0359375 0.0046875
0 0.175 0.36328125 0.03515625 0.0046875
0 0.175 0.3671875 0.0359375 0.00390625
0 0.175 0.37109375 0.03671875 0.0046875
0 0.17421875 0.375 0.03203125 0.0046875
0 0.17421875 0.37890625 0.03203125 0.0046875
0 0.17421875 0.3828125 0.0328125 0.0046875
0 0.17421875 0.38671875 0.0328125 0.0046875
0 0.17734375 0.38984375 0.0375 0.0046875
0 0.17734375 0.39375 0.0375 0.00390625
0 0.17734375 0.39765625 0.0375 0.00390625
0 0.178125 0.4015625 0.0375 0.00390625
0 0.17734375 0.40546875 0.0375 0.00390625
0 0.178125 0.409375 0.0375 0.00390625
0 0.178125 0.41328125 0.03671875 0.0046875
0 0.065625 0.26171875 0.05 0.00625
0 0.06484375 0.265625 0.05078125 0.00546875
0 0.06484375 0.2703125 0.05078125 0.00625
0 0.06640625 0.27421875 0.05 0.00546875
0 0.0671875 0.27890625 0.0484375 0.00625
0 0.06875 0.28359375 0.05 0.00546875
0 0.06875 0.2875 0.05 0.00546875
0 0.06953125 0.29140625 0.0484375 0.00546875
0 0.06953125 0.29609375 0.0484375 0.00546875
0 0.0703125 0.3 0.04765625 0.00546875
0 0.0703125 0.3046875 0.04765625 0.00546875
0 0.07109375 0.30859375 0.04765625 0.0046875
0 0.071875 0.3125 0.0484375 0.00546875
0 0.07265625 0.31640625 0.0484375 0.00625
0 0.07265625 0.32109375 0.04921875 0.00546875
0 0.07421875 0.325 0.04765625 0.0046875
0 0.07421875 0.3296875 0.0484375 0.0046875
0 0.07421875 0.33359375 0.0484375 0.0046875
0 0.075 0.3375 0.04921875 0.00546875
0 0.0765625 0.34140625 0.04765625 0.00546875
0 0.07734375 0.3453125 0.046875 0.00546875
0 0.078125 0.34921875 0.0484375 0.0046875
0 0.07890625 0.353125 0.046875 0.0046875
0 0.084375 0.3578125 0.0375 0.0046875
0 0.0859375 0.36171875 0.0375 0.0046875
0 0.08671875 0.36640625 0.0375 0.00546875
0 0.0875 0.3703125 0.03671875 0.0046875
0 0.0890625 0.3734375 0.0359375 0.0046875
0 0.08984375 0.37734375 0.03515625 0.00546875
0 0.0953125 0.38125 0.02421875 0.0046875
0 0.09765625 0.3859375 0.021875 0.00390625
0 0.096875 0.38984375 0.02421875 0.00390625
0 0.09765625 0.39375 0.02421875 0.0046875
0 0.0984375 0.396875 0.02265625 0.00390625
0 0.10234375 0.4015625 0.0171875 0.00390625
0 0.103125 0.40546875 0.0171875 0.00390625
0 0.10390625 0.409375 0.01796875 0.0046875
0 0.10390625 0.4125 0.02109375 0.00546875
0 0.0203125 0.259375 0.040625 0.00625
0 0.02109375 0.2640625 0.0421875 0.00625
0 0.02109375 0.26875 0.0421875 0.00546875
0 0.02109375 0.2734375 0.0421875 0.00625
0 0.02109375 0.27734375 0.04140625 0.00546875
0 0.0203125 0.28125 0.040625 0.00625
0 0.02109375 0.2859375 0.04140625 0.00546875
0 0.0203125 0.28984375 0.040625 0.0046875
0 0.0203125 0.29296875 0.040625 0.0046875
0 0.02109375 0.2984375 0.0421875 0.00546875
0 0.02109375 0.303125 0.0421875 0.00546875
0 0.02109375 0.30625 0.0421875 0.00625
0 0.021875 0.3109375 0.04296875 0.00546875
0 0.02109375 0.31484375 0.0421875 0.0046875
0 0.021875 0.31953125 0.04375 0.0046875
0 0.021875 0.3234375 0.04375 0.0046875
0 0.021875 0.32734375 0.04375 0.0046875
0 0.02265625 0.33203125 0.04453125 0.0046875
0 0.04375 0.3390625 0.0265625 0.0078125
0 0.04453125 0.34453125 0.02890625 0.00703125
0 0.04375 0.35 0.0296875 0.00703125
0 0.01640625 0.33515625 0.0328125 0.0078125
0 0.01640625 0.34140625 0.0328125 0.0078125
0 0.01640625 0.3484375 0.0328125 0.009375