2 0.4953125 0.51171875 0.98828125 0.77578125
2 0.95390625 0.10078125 0.0921875 0.2015625
2 0.93203125 0.16328125 0.13515625 0.3265625
2 0.9265625 0.24921875 0.14609375 0.43359375
2 0.91796875 0.34375 0.1640625 0.540625
2 0.90859375 0.41015625 0.1828125 0.5859375
2 0.9046875 0.525 0.190625 0.70625
2 0.71875 0.0171875 0.334375 0.03359375
2 0.71484375 0.03671875 0.3421875 0.0734375
2 0.70625 0.071875 0.32734375 0.075
2 0.70625 0.1265625 0.3296875 0.10234375
2 0.2515625 0.08203125 0.50234375 0.1640625