0 0.78359375 0.63671875 0.4328125 0.32265625
2 0.06640625 0.6796875 0.1328125 0.640625
0 0.7765625 0.80390625 0.446875 0.11875
2 0.78359375 0.25 0.3859375 0.14453125
2 0.79140625 0.3359375 0.3484375 0.071875
2 0.78671875 0.390625 0.3515625 0.07421875
2 0.77265625 0.4390625 0.34140625 0.0625
2 0.77578125 0.47265625 0.3296875 0.0578125
2 0.3859375 0.34453125 0.5171875 0.24296875
2 0.3734375 0.47109375 0.49375 0.1171875
2 0.378125 0.5359375 0.4453125 0.09140625
2 0.37734375 0.5875 0.44375 0.10625
2 0.37421875 0.659375 0.43125 0.10703125
2 0.371875 0.71484375 0.4078125 0.08984375
1 0.62265625 0.7375 0.06484375 0.034375
1 0.61875 0.7796875 0.06015625 0.02421875