2 0.95078125 0.68671875 0.0984375 0.6234375
2 0.34921875 0.24921875 0.3390625 0.171875
2 0.3421875 0.3515625 0.3296875 0.0890625
2 0.34765625 0.409375 0.309375 0.078125
2 0.3578125 0.471875 0.30390625 0.071875
2 0.359375 0.50859375 0.30078125 0.06875
2 0.6921875 0.36640625 0.47109375 0.2578125
2 0.7140625 0.50078125 0.4359375 0.13828125
2 0.69765625 0.5796875 0.3890625 0.10703125
2 0.70625 0.63359375 0.39453125 0.125
2 0.7015625 0.70546875 0.37109375 0.125
2 0.69609375 0.77265625 0.3578125 0.11953125
0 0.2640625 0.69765625 0.52734375 0.40859375
0 0.2640625 0.87421875 0.528125 0.1625
1 0.47890625 0.79375 0.06015625 0.0328125
1 0.48046875 0.83671875 0.05703125 0.03828125