2 0.68671875 0.75078125 0.6265625 0.309375
2 0.71875 0.57578125 0.5625 0.17890625
2 0.72578125 0.49375 0.5484375 0.14375
2 0.7359375 0.4171875 0.528125 0.12265625
2 0.7390625 0.34609375 0.521875 0.1578125
2 0.759375 0.265625 0.48125 0.14140625
0 0.26796875 0.3875 0.53515625 0.421875
0 0.26484375 0.165625 0.5296875 0.1359375
1 0.4890625 0.1859375 0.07109375 0.06484375
1 0.47265625 0.246875 0.08828125 0.05625
2 0.23515625 0.8484375 0.3859375 0.203125
2 0.2328125 0.74921875 0.35703125 0.13125
2 0.25 0.6953125 0.3734375 0.1265625
2 0.26484375 0.62109375 0.37109375 0.1171875